========================================
Experiment: P Controller + Point Mass
========================================

Simulation Parameters
---------------------
Target Position : 10.0 m
Simulation Time : 10.0 s
Time Step (dt) : 0.01 s

Controller
----------
Kp : 2.0

Plant
-----
Mass : 1.0 kg

Observed Results
----------------
- Position keeps oscillating around the Target
- The Force does not decrease fast enough as error decreases due to inertia
- Maximum observed position: 20.0001
- P control is unstable for point mass

Logs
----
time,position,velocity,controller_output
0, 0, 0, 20
0.01, 0.002, 0.2, 19.996
0.02, 0.0059996, 0.39996, 19.988
0.03, 0.011998, 0.59984, 19.976
0.04, 0.019994, 0.7996, 19.96
0.05, 0.029986, 0.9992, 19.94
0.06, 0.041972, 1.1986, 19.9161
0.07, 0.0559496, 1.39776, 19.8881
0.08, 0.071916, 1.59664, 19.8562
0.09, 0.0898681, 1.7952, 19.8203
0.1, 0.109802, 1.99341, 19.7804
0.11, 0.131714, 2.19121, 19.7366
0.12, 0.1556, 2.38858, 19.6888
0.13, 0.181455, 2.58546, 19.6371
0.14, 0.209273, 2.78183, 19.5815
0.15, 0.239049, 2.97765, 19.5219
0.16, 0.270778, 3.17287, 19.4584
0.17, 0.304453, 3.36745, 19.3911
0.18, 0.340066, 3.56136, 19.3199
0.19, 0.377612, 3.75456, 19.2448
0.2, 0.417082, 3.94701, 19.1658
0.21, 0.458469, 4.13867, 19.0831
0.22, 0.501764, 4.3295, 18.9965
0.23, 0.546958, 4.51946, 18.9061
0.24, 0.594044, 4.70852, 18.8119
0.25, 0.64301, 4.89664, 18.714
0.26, 0.693848, 5.08378, 18.6123
0.27, 0.746547, 5.26991, 18.5069
0.28, 0.801097, 5.45498, 18.3978
0.29, 0.857486, 5.63895, 18.285
0.3, 0.915704, 5.8218, 18.1686
0.31, 0.975739, 6.00349, 18.0485
0.32, 1.03758, 6.18398, 17.9248
0.33, 1.10121, 6.36322, 17.7976
0.34, 1.16662, 6.5412, 17.6668
0.35, 1.2338, 6.71787, 17.5324
0.36, 1.30273, 6.89319, 17.3945
0.37, 1.37341, 7.06714, 17.2532
0.38, 1.4458, 7.23967, 17.1084
0.39, 1.51991, 7.41075, 16.9602
0.4, 1.59571, 7.58035, 16.8086
0.41, 1.6732, 7.74844, 16.6536
0.42, 1.75235, 7.91498, 16.4953
0.43, 1.83315, 8.07993, 16.3337
0.44, 1.91558, 8.24327, 16.1688
0.45, 1.99963, 8.40495, 16.0007
0.46, 2.08528, 8.56496, 15.8294
0.47, 2.17251, 8.72326, 15.655
0.48, 2.26131, 8.87981, 15.4774
0.49, 2.35165, 9.03458, 15.2967
0.5, 2.44353, 9.18755, 15.1129
0.51, 2.53692, 9.33868, 14.9262
0.52, 2.6318, 9.48794, 14.7364
0.53, 2.72815, 9.6353, 14.5437
0.54, 2.82596, 9.78074, 14.3481
0.55, 2.9252, 9.92422, 14.1496
0.56, 3.02586, 10.0657, 13.9483
0.57, 3.12791, 10.2052, 13.7442
0.58, 3.23133, 10.3426, 13.5373
0.59, 3.33611, 10.478, 13.3278
0.6, 3.44223, 10.6113, 13.1155
0.61, 3.54965, 10.7424, 12.9007
0.62, 3.65837, 10.8715, 12.6833
0.63, 3.76835, 10.9983, 12.4633
0.64, 3.87958, 11.1229, 12.2408
0.65, 3.99203, 11.2453, 12.0159
0.66, 4.10569, 11.3655, 11.7886
0.67, 4.22052, 11.4834, 11.559
0.68, 4.33651, 11.599, 11.327
0.69, 4.45363, 11.7122, 11.0927
0.7, 4.57186, 11.8232, 10.8563
0.71, 4.69118, 11.9317, 10.6176
0.72, 4.81156, 12.0379, 10.3769
0.73, 4.93298, 12.1417, 10.134
0.74, 5.05541, 12.243, 9.88919
0.75, 5.17883, 12.3419, 9.64235
0.76, 5.30321, 12.4383, 9.39358
0.77, 5.42853, 12.5323, 9.14294
0.78, 5.55477, 12.6237, 8.89046
0.79, 5.68189, 12.7126, 8.63621
0.8, 5.80988, 12.799, 8.38023
0.81, 5.93871, 12.8828, 8.12258
0.82, 6.06835, 12.964, 7.8633
0.83, 6.19878, 13.0426, 7.60244
0.84, 6.32996, 13.1186, 7.34007
0.85, 6.46188, 13.192, 7.07623
0.86, 6.59451, 13.2628, 6.81097
0.87, 6.72782, 13.3309, 6.54436
0.88, 6.86179, 13.3964, 6.27643
0.89, 6.99638, 13.4591, 6.00725
0.9, 7.13157, 13.5192, 5.73686
0.91, 7.26733, 13.5766, 5.46533
0.92, 7.40365, 13.6312, 5.19271
0.93, 7.54048, 13.6831, 4.91904
0.94, 7.6778, 13.7323, 4.6444
0.95, 7.81559, 13.7788, 4.36882
0.96, 7.95381, 13.8225, 4.09237
0.97, 8.09245, 13.8634, 3.81511
0.98, 8.23146, 13.9015, 3.53707
0.99, 8.37083, 13.9369, 3.25834
1, 8.51053, 13.9695, 2.97895
1.01, 8.65052, 13.9993, 2.69896
1.02, 8.79078, 14.0263, 2.41843
1.03, 8.93129, 14.0505, 2.13743
1.04, 9.07201, 14.0718, 1.85599
1.05, 9.21291, 14.0904, 1.57418
1.06, 9.35397, 14.1061, 1.29206
1.07, 9.49516, 14.1191, 1.00968
1.08, 9.63645, 14.1292, 0.727094
1.09, 9.77782, 14.1364, 0.444366
1.1, 9.91923, 14.1409, 0.161549
1.11, 10.0607, 14.1425, -0.121301
1.12, 10.2021, 14.1413, -0.404126
1.13, 10.3434, 14.1372, -0.686871
1.14, 10.4847, 14.1304, -0.969478
1.15, 10.6259, 14.1207, -1.25189
1.16, 10.767, 14.1081, -1.53405
1.17, 10.908, 14.0928, -1.81591
1.18, 11.0487, 14.0746, -2.0974
1.19, 11.1892, 14.0537, -2.37848
1.2, 11.3295, 14.0299, -2.65907
1.21, 11.4696, 14.0033, -2.93914
1.22, 11.6093, 13.9739, -3.21862
1.23, 11.7487, 13.9417, -3.49745
1.24, 11.8878, 13.9067, -3.77559
1.25, 12.0265, 13.869, -4.05297
1.26, 12.1648, 13.8285, -4.32954
1.27, 12.3026, 13.7852, -4.60524
1.28, 12.44, 13.7391, -4.88002
1.29, 12.5769, 13.6903, -5.15383
1.3, 12.7133, 13.6388, -5.4266
1.31, 12.8491, 13.5845, -5.69829
1.32, 12.9844, 13.5275, -5.96884
1.33, 13.1191, 13.4678, -6.2382
1.34, 13.2532, 13.4055, -6.50631
1.35, 13.3866, 13.3404, -6.77312
1.36, 13.5193, 13.2727, -7.03857
1.37, 13.6513, 13.2023, -7.30262
1.38, 13.7826, 13.1292, -7.5652
1.39, 13.9131, 13.0536, -7.82627
1.4, 14.0429, 12.9753, -8.08578
1.41, 14.1718, 12.8945, -8.34367
1.42, 14.2999, 12.811, -8.59989
1.43, 14.4272, 12.725, -8.85439
1.44, 14.5536, 12.6365, -9.10712
1.45, 14.679, 12.5454, -9.35803
1.46, 14.8035, 12.4518, -9.60707
1.47, 14.9271, 12.3558, -9.85418
1.48, 15.0497, 12.2572, -10.0993
1.49, 15.1712, 12.1562, -10.3425
1.5, 15.2918, 12.0528, -10.5835
1.51, 15.4112, 11.947, -10.8224
1.52, 15.5296, 11.8388, -11.0592
1.53, 15.6469, 11.7282, -11.2938
1.54, 15.763, 11.6152, -11.5261
1.55, 15.878, 11.5, -11.7561
1.56, 15.9919, 11.3824, -11.9837
1.57, 16.1045, 11.2626, -12.209
1.58, 16.2159, 11.1405, -12.4318
1.59, 16.3261, 11.0162, -12.6521
1.6, 16.435, 10.8896, -12.8699
1.61, 16.5426, 10.7609, -13.0851
1.62, 16.6489, 10.6301, -13.2977
1.63, 16.7538, 10.4971, -13.5077
1.64, 16.8575, 10.362, -13.7149
1.65, 16.9597, 10.2249, -13.9194
1.66, 17.0606, 10.0857, -14.1211
1.67, 17.16, 9.94448, -14.32
1.68, 17.258, 9.80128, -14.516
1.69, 17.3546, 9.65612, -14.7092
1.7, 17.4497, 9.50902, -14.8993
1.71, 17.5433, 9.36003, -15.0865
1.72, 17.6354, 9.20916, -15.2707
1.73, 17.7259, 9.05646, -15.4519
1.74, 17.8149, 8.90194, -15.6299
1.75, 17.9024, 8.74564, -15.8048
1.76, 17.9883, 8.58759, -15.9766
1.77, 18.0726, 8.42783, -16.1451
1.78, 18.1552, 8.26637, -16.3104
1.79, 18.2363, 8.10327, -16.4725
1.8, 18.3156, 7.93855, -16.6313
1.81, 18.3934, 7.77223, -16.7867
1.82, 18.4694, 7.60437, -16.9388
1.83, 18.5438, 7.43498, -17.0875
1.84, 18.6164, 7.2641, -17.2328
1.85, 18.6873, 7.09177, -17.3746
1.86, 18.7565, 6.91803, -17.513
1.87, 18.8239, 6.7429, -17.6479
1.88, 18.8896, 6.56642, -17.7792
1.89, 18.9535, 6.38863, -17.907
1.9, 19.0156, 6.20956, -18.0311
1.91, 19.0759, 6.02925, -18.1517
1.92, 19.1343, 5.84773, -18.2687
1.93, 19.191, 5.66504, -18.382
1.94, 19.2458, 5.48122, -18.4916
1.95, 19.2988, 5.29631, -18.5975
1.96, 19.3499, 5.11033, -18.6997
1.97, 19.3991, 4.92333, -18.7982
1.98, 19.4465, 4.73535, -18.8929
1.99, 19.4919, 4.54642, -18.9838
2, 19.5355, 4.35658, -19.071
2.01, 19.5771, 4.16587, -19.1543
2.02, 19.6169, 3.97433, -19.2338
2.03, 19.6547, 3.78199, -19.3094
2.04, 19.6906, 3.5889, -19.3812
2.05, 19.7245, 3.39509, -19.4491
2.06, 19.7566, 3.2006, -19.5131
2.07, 19.7866, 3.00547, -19.5732
2.08, 19.8147, 2.80973, -19.6294
2.09, 19.8408, 2.61344, -19.6817
2.1, 19.865, 2.41662, -19.73
2.11, 19.8872, 2.21932, -19.7744
2.12, 19.9074, 2.02158, -19.8148
2.13, 19.9257, 1.82343, -19.8513
2.14, 19.9419, 1.62492, -19.8838
2.15, 19.9562, 1.42608, -19.9123
2.16, 19.9684, 1.22696, -19.9369
2.17, 19.9787, 1.02759, -19.9574
2.18, 19.987, 0.828013, -19.974
2.19, 19.9933, 0.628273, -19.9865
2.2, 19.9976, 0.428408, -19.9951
2.21, 19.9998, 0.228457, -19.9997
2.22, 20.0001, 0.0284601, -20.0002
2.23, 19.9984, -0.171542, -19.9968
2.24, 19.9947, -0.371511, -19.9894
2.25, 19.989, -0.571404, -19.978
2.26, 19.9813, -0.771184, -19.9625
2.27, 19.9716, -0.970809, -19.9431
2.28, 19.9599, -1.17024, -19.9197
2.29, 19.9462, -1.36944, -19.8923
2.3, 19.9305, -1.56836, -19.861
2.31, 19.9128, -1.76697, -19.8256
2.32, 19.8932, -1.96523, -19.7863
2.33, 19.8715, -2.16309, -19.743
2.34, 19.8479, -2.36052, -19.6958
2.35, 19.8223, -2.55748, -19.6447
2.36, 19.7948, -2.75393, -19.5896
2.37, 19.7653, -2.94982, -19.5306
2.38, 19.7339, -3.14513, -19.4677
2.39, 19.7005, -3.3398, -19.4009
2.4, 19.6651, -3.53381, -19.3302
2.41, 19.6278, -3.72712, -19.2557
2.42, 19.5887, -3.91967, -19.1773
2.43, 19.5475, -4.11145, -19.0951
2.44, 19.5045, -4.3024, -19.009
2.45, 19.4596, -4.49249, -18.9192
2.46, 19.4128, -4.68168, -18.8255
2.47, 19.3641, -4.86993, -18.7281
2.48, 19.3135, -5.05722, -18.627
2.49, 19.2611, -5.24349, -18.5221
2.5, 19.2068, -5.42871, -18.4136
2.51, 19.1506, -5.61284, -18.3013
2.52, 19.0927, -5.79586, -18.1854
2.53, 19.0329, -5.97771, -18.0658
2.54, 18.9713, -6.15837, -17.9427
2.55, 18.908, -6.33779, -17.8159
2.56, 18.8428, -6.51595, -17.6856
2.57, 18.7759, -6.69281, -17.5517
2.58, 18.7072, -6.86833, -17.4144
2.59, 18.6368, -7.04247, -17.2735
2.6, 18.5646, -7.21521, -17.1292
2.61, 18.4907, -7.3865, -16.9815
2.62, 18.4152, -7.55631, -16.8304
2.63, 18.3379, -7.72462, -16.6759
2.64, 18.259, -7.89137, -16.518
2.65, 18.1785, -8.05655, -16.3569
2.66, 18.0962, -8.22012, -16.1925
2.67, 18.0124, -8.38205, -16.0249
2.68, 17.927, -8.5423, -15.854
2.69, 17.84, -8.70084, -15.68
2.7, 17.7514, -8.85764, -15.5028
2.71, 17.6613, -9.01267, -15.3226
2.72, 17.5696, -9.16589, -15.1393
2.73, 17.4765, -9.31728, -14.9529
2.74, 17.3818, -9.46681, -14.7636
2.75, 17.2857, -9.61445, -14.5713
2.76, 17.188, -9.76016, -14.3761
2.77, 17.089, -9.90392, -14.178
2.78, 16.9886, -10.0457, -13.9771
2.79, 16.8867, -10.1855, -13.7734
2.8, 16.7835, -10.3232, -13.5669
2.81, 16.6789, -10.4589, -13.3578
2.82, 16.573, -10.5925, -13.1459
2.83, 16.4657, -10.7239, -12.9314
2.84, 16.3572, -10.8532, -12.7144
2.85, 16.2474, -10.9804, -12.4948
2.86, 16.1363, -11.1053, -12.2726
2.87, 16.024, -11.228, -12.0481
2.88, 15.9106, -11.3485, -11.8211
2.89, 15.7959, -11.4667, -11.5918
2.9, 15.6801, -11.5827, -11.3601
2.91, 15.5631, -11.6963, -11.1262
2.92, 15.445, -11.8075, -10.8901
2.93, 15.3259, -11.9164, -10.6517
2.94, 15.2056, -12.0229, -10.4113
2.95, 15.0844, -12.1271, -10.1687
2.96, 14.9621, -12.2287, -9.92415
2.97, 14.8388, -12.328, -9.67759
2.98, 14.7145, -12.4248, -9.4291
2.99, 14.5894, -12.519, -9.17871
3, 14.4632, -12.6108, -8.9265
3.01, 14.3362, -12.7001, -8.6725
3.02, 14.2084, -12.7868, -8.41676
3.03, 14.0797, -12.871, -8.15934
3.04, 13.9501, -12.9526, -7.90029
3.05, 13.8198, -13.0316, -7.63966
3.06, 13.6887, -13.108, -7.3775
3.07, 13.5569, -13.1818, -7.11386
3.08, 13.4244, -13.2529, -6.8488
3.09, 13.2912, -13.3214, -6.58238
3.1, 13.1573, -13.3872, -6.31463
3.11, 13.0228, -13.4504, -6.04562
3.12, 12.8877, -13.5108, -5.77541
3.13, 12.752, -13.5686, -5.50404
3.14, 12.6158, -13.6236, -5.23157
3.15, 12.479, -13.6759, -4.95805
3.16, 12.3418, -13.7255, -4.68354
3.17, 12.204, -13.7723, -4.40809
3.18, 12.0659, -13.8164, -4.13176
3.19, 11.9273, -13.8577, -3.85461
3.2, 11.7883, -13.8963, -3.57668
3.21, 11.649, -13.932, -3.29804
3.22, 11.5094, -13.965, -3.01874
3.23, 11.3694, -13.9952, -2.73884
3.24, 11.2292, -14.0226, -2.45838
3.25, 11.0887, -14.0472, -2.17744
3.26, 10.948, -14.069, -1.89606
3.27, 10.8072, -14.0879, -1.6143
3.28, 10.6661, -14.1041, -1.33222
3.29, 10.5249, -14.1174, -1.04987
3.3, 10.3837, -14.1279, -0.767315
3.31, 10.2423, -14.1356, -0.484604
3.32, 10.1009, -14.1404, -0.201796
3.33, 9.95947, -14.1424, 0.0810529
3.34, 9.81806, -14.1416, 0.363885
3.35, 9.67668, -14.138, 0.646645
3.36, 9.53536, -14.1315, 0.929275
3.37, 9.39414, -14.1222, 1.21172
3.38, 9.25304, -14.1101, 1.49392
3.39, 9.11209, -14.0952, 1.77582
3.4, 8.97131, -14.0774, 2.05737
3.41, 8.83075, -14.0568, 2.33851
3.42, 8.69041, -14.0334, 2.61918
3.43, 8.55034, -14.0073, 2.89932
3.44, 8.41056, -13.9783, 3.17889
3.45, 8.27109, -13.9465, 3.45782
3.46, 8.13197, -13.9119, 3.73606
3.47, 7.99323, -13.8745, 4.01355
3.48, 7.85488, -13.8344, 4.29023
3.49, 7.71697, -13.7915, 4.56606
3.5, 7.57951, -13.7458, 4.84098
3.51, 7.44254, -13.6974, 5.11493
3.52, 7.30607, -13.6463, 5.38785
3.53, 7.17015, -13.5924, 5.6597
3.54, 7.03479, -13.5358, 5.93042
3.55, 6.90003, -13.4765, 6.19995
3.56, 6.76588, -13.4145, 6.46824
3.57, 6.63238, -13.3498, 6.73523
3.58, 6.49956, -13.2825, 7.00088
3.59, 6.36743, -13.2124, 7.26513
3.6, 6.23604, -13.1398, 7.52793
3.61, 6.10539, -13.0645, 7.78922
3.62, 5.97552, -12.9866, 8.04895
3.63, 5.84646, -12.9061, 8.30707
3.64, 5.71823, -12.8231, 8.56353
3.65, 5.59086, -12.7374, 8.81828
3.66, 5.46437, -12.6492, 9.07127
3.67, 5.33878, -12.5585, 9.32244
3.68, 5.21413, -12.4653, 9.57175
3.69, 5.09043, -12.3696, 9.81914
3.7, 4.96772, -12.2714, 10.0646
3.71, 4.84601, -12.1708, 10.308
3.72, 4.72533, -12.0677, 10.5493
3.73, 4.60571, -11.9622, 10.7886
3.74, 4.48717, -11.8543, 11.0257
3.75, 4.36973, -11.744, 11.2605
3.76, 4.25341, -11.6314, 11.4932
3.77, 4.13825, -11.5165, 11.7235
3.78, 4.02426, -11.3993, 11.9515
3.79, 3.91146, -11.2798, 12.1771
3.8, 3.79988, -11.158, 12.4002
3.81, 3.68954, -11.034, 12.6209
3.82, 3.58046, -10.9078, 12.8391
3.83, 3.47267, -10.7794, 13.0547
3.84, 3.36618, -10.6488, 13.2676
3.85, 3.26102, -10.5162, 13.478
3.86, 3.1572, -10.3814, 13.6856
3.87, 3.05476, -10.2445, 13.8905
3.88, 2.9537, -10.1056, 14.0926
3.89, 2.85405, -9.96469, 14.2919
3.9, 2.75584, -9.82177, 14.4883
3.91, 2.65907, -9.67689, 14.6819
3.92, 2.56377, -9.53007, 14.8725
3.93, 2.46995, -9.38135, 15.0601
3.94, 2.37765, -9.23075, 15.2447
3.95, 2.28686, -9.0783, 15.4263
3.96, 2.19762, -8.92404, 15.6048
3.97, 2.10994, -8.76799, 15.7801
3.98, 2.02384, -8.61019, 15.9523
3.99, 1.93933, -8.45066, 16.1213
4, 1.85644, -8.28945, 16.2871
4.01, 1.77517, -8.12658, 16.4497
4.02, 1.69555, -7.96208, 16.6089
4.03, 1.61759, -7.79599, 16.7648
4.04, 1.54131, -7.62835, 16.9174
4.05, 1.46672, -7.45917, 17.0666
4.06, 1.39383, -7.28851, 17.2123
4.07, 1.32267, -7.11638, 17.3547
4.08, 1.25324, -6.94284, 17.4935
4.09, 1.18556, -6.7679, 17.6289
4.1, 1.11965, -6.59161, 17.7607
4.11, 1.05551, -6.41401, 17.889
4.12, 0.993155, -6.23512, 18.0137
4.13, 0.932605, -6.05498, 18.1348
4.14, 0.873869, -5.87363, 18.2523
4.15, 0.816958, -5.69111, 18.3661
4.16, 0.761883, -5.50745, 18.4762
4.17, 0.708657, -5.32268, 18.5827
4.18, 0.657288, -5.13686, 18.6854
4.19, 0.607788, -4.95, 18.7844
4.2, 0.560166, -4.76216, 18.8797
4.21, 0.514433, -4.57336, 18.9711
4.22, 0.470596, -4.38365, 19.0588
4.23, 0.428666, -4.19306, 19.1427
4.24, 0.388649, -4.00164, 19.2227
4.25, 0.350555, -3.80941, 19.2989
4.26, 0.314391, -3.61642, 19.3712
4.27, 0.280164, -3.42271, 19.4397
4.28, 0.247881, -3.22831, 19.5042
4.29, 0.217548, -3.03327, 19.5649
4.3, 0.189172, -2.83762, 19.6217
4.31, 0.162758, -2.6414, 19.6745
4.32, 0.138311, -2.44466, 19.7234
4.33, 0.115837, -2.24743, 19.7683
4.34, 0.0953395, -2.04974, 19.8093
4.35, 0.076823, -1.85165, 19.8464
4.36, 0.0602912, -1.65319, 19.8794
4.37, 0.0457473, -1.45439, 19.9085
4.38, 0.0331942, -1.25531, 19.9336
4.39, 0.0226345, -1.05597, 19.9547
4.4, 0.0140703, -0.856423, 19.9719
4.41, 0.00750326, -0.656704, 19.985
4.42, 0.00293472, -0.456854, 19.9941
4.43, 0.000365594, -0.256913, 19.9993
4.44, -0.000203607, -0.05692, 20.0004
4.45, 0.00122723, 0.143084, 19.9975
4.46, 0.00465783, 0.34306, 19.9907
4.47, 0.0100875, 0.542966, 19.9798
4.48, 0.0175151, 0.742765, 19.965
4.49, 0.0269393, 0.942414, 19.9461
4.5, 0.038358, 1.14188, 19.9233
4.51, 0.0517691, 1.34111, 19.8965
4.52, 0.0671699, 1.54007, 19.8657
4.53, 0.0845571, 1.73873, 19.8309
4.54, 0.103928, 1.93704, 19.7921
4.55, 0.125277, 2.13496, 19.7494
4.56, 0.148602, 2.33245, 19.7028
4.57, 0.173896, 2.52948, 19.6522
4.58, 0.201157, 2.726, 19.5977
4.59, 0.230376, 2.92198, 19.5392
4.6, 0.26155, 3.11737, 19.4769
4.61, 0.294672, 3.31214, 19.4107
4.62, 0.329734, 3.50625, 19.3405
4.63, 0.366731, 3.69965, 19.2665
4.64, 0.405654, 3.89232, 19.1887
4.65, 0.446496, 4.08421, 19.107
4.66, 0.489249, 4.27528, 19.0215
4.67, 0.533904, 4.46549, 18.9322
4.68, 0.580452, 4.65481, 18.8391
4.69, 0.628884, 4.8432, 18.7422
4.7, 0.67919, 5.03063, 18.6416
4.71, 0.73136, 5.21704, 18.5373
4.72, 0.785385, 5.40242, 18.4292
4.73, 0.841252, 5.58671, 18.3175
4.74, 0.89895, 5.76988, 18.2021
4.75, 0.95847, 5.9519, 18.0831
4.76, 1.0198, 6.13274, 17.9604
4.77, 1.08292, 6.31234, 17.8342
4.78, 1.14783, 6.49068, 17.7043
4.79, 1.2145, 6.66772, 17.571
4.8, 1.28294, 6.84343, 17.4341
4.81, 1.35312, 7.01778, 17.2938
4.82, 1.42502, 7.19071, 17.15
4.83, 1.49865, 7.36221, 17.0027
4.84, 1.57397, 7.53224, 16.8521
4.85, 1.65098, 7.70076, 16.698
4.86, 1.72965, 7.86774, 16.5407
4.87, 1.80998, 8.03315, 16.38
4.88, 1.89195, 8.19695, 16.2161
4.89, 1.97555, 8.35911, 16.0489
4.9, 2.06074, 8.5196, 15.8785
4.91, 2.14752, 8.67838, 15.705
4.92, 2.23588, 8.83543, 15.5282
4.93, 2.32579, 8.99072, 15.3484
4.94, 2.41723, 9.1442, 15.1655
4.95, 2.51019, 9.29585, 14.9796
4.96, 2.60464, 9.44565, 14.7907
4.97, 2.70058, 9.59356, 14.5988
4.98, 2.79797, 9.73955, 14.4041
4.99, 2.89681, 9.88359, 14.2064
5, 2.99707, 10.0257, 14.0059
5.01, 3.09872, 10.1657, 13.8026
5.02, 3.20176, 10.3037, 13.5965
5.03, 3.30616, 10.4397, 13.3877
5.04, 3.41189, 10.5736, 13.1762
5.05, 3.51895, 10.7053, 12.9621
5.06, 3.6273, 10.835, 12.7454
5.07, 3.73692, 10.9624, 12.5262
5.08, 3.8478, 11.0877, 12.3044
5.09, 3.95991, 11.2107, 12.0802
5.1, 4.07322, 11.3315, 11.8536
5.11, 4.18772, 11.4501, 11.6246
5.12, 4.30338, 11.5663, 11.3932
5.13, 4.42019, 11.6802, 11.1596
5.14, 4.5381, 11.7918, 10.9238
5.15, 4.65712, 11.9011, 10.6858
5.16, 4.77719, 12.0079, 10.4456
5.17, 4.89832, 12.1124, 10.2034
5.18, 5.02046, 12.2144, 9.95907
5.19, 5.1436, 12.314, 9.71279
5.2, 5.26771, 12.4111, 9.46457
5.21, 5.39277, 12.5058, 9.21446
5.22, 5.51875, 12.5979, 8.9625
5.23, 5.64563, 12.6876, 8.70875
5.24, 5.77337, 12.7746, 8.45325
5.25, 5.90196, 12.8592, 8.19607
5.26, 6.03138, 12.9411, 7.93725
5.27, 6.16158, 13.0205, 7.67684
5.28, 6.29255, 13.0973, 7.41489
5.29, 6.42427, 13.1714, 7.15146
5.3, 6.5567, 13.2429, 6.88661
5.31, 6.68982, 13.3118, 6.62037
5.32, 6.8236, 13.378, 6.35281
5.33, 6.95801, 13.4415, 6.08398
5.34, 7.09303, 13.5024, 5.81393
5.35, 7.22864, 13.5605, 5.54272
5.36, 7.3648, 13.6159, 5.2704
5.37, 7.50149, 13.6686, 4.99703
5.38, 7.63867, 13.7186, 4.72266
5.39, 7.77633, 13.7658, 4.44734
5.4, 7.91443, 13.8103, 4.17113
5.41, 8.05295, 13.852, 3.89409
5.42, 8.19186, 13.891, 3.61627
5.43, 8.33113, 13.9271, 3.33773
5.44, 8.47074, 13.9605, 3.05852
5.45, 8.61065, 13.9911, 2.7787
5.46, 8.75084, 14.0189, 2.49832
5.47, 8.89128, 14.0439, 2.21744
5.48, 9.03194, 14.066, 1.93612
5.49, 9.17279, 14.0854, 1.65442
5.5, 9.31381, 14.1019, 1.37238
5.51, 9.45497, 14.1157, 1.09006
5.52, 9.59623, 14.1266, 0.807532
5.53, 9.73758, 14.1346, 0.52484
5.54, 9.87898, 14.1399, 0.242042
5.55, 10.0204, 14.1423, -0.0408044
5.56, 10.1618, 14.1419, -0.323642
5.57, 10.3032, 14.1387, -0.606416
5.58, 10.4445, 14.1326, -0.889068
5.59, 10.5858, 14.1237, -1.17154
5.6, 10.7269, 14.112, -1.45378
5.61, 10.8679, 14.0975, -1.73573
5.62, 11.0087, 14.0801, -2.01733
5.63, 11.1493, 14.0599, -2.29853
5.64, 11.2896, 14.0369, -2.57927
5.65, 11.4297, 14.0111, -2.85949
5.66, 11.5696, 13.9826, -3.13914
5.67, 11.7091, 13.9512, -3.41817
5.68, 11.8483, 13.917, -3.69651
5.69, 11.9871, 13.88, -3.97411
5.7, 12.1255, 13.8403, -4.25091
5.71, 12.2634, 13.7978, -4.52687
5.72, 12.401, 13.7525, -4.80192
5.73, 12.538, 13.7045, -5.07601
5.74, 12.6745, 13.6537, -5.34908
5.75, 12.8105, 13.6002, -5.62109
5.76, 12.946, 13.544, -5.89197
5.77, 13.0808, 13.4851, -6.16167
5.78, 13.2151, 13.4235, -6.43014
5.79, 13.3487, 13.3592, -6.69732
5.8, 13.4816, 13.2922, -6.96317
5.81, 13.6138, 13.2226, -7.22762
5.82, 13.7453, 13.1503, -7.49062
5.83, 13.8761, 13.0754, -7.75213
5.84, 14.006, 12.9979, -8.01209
5.85, 14.1352, 12.9177, -8.27044
5.86, 14.2636, 12.835, -8.52714
5.87, 14.3911, 12.7498, -8.78214
5.88, 14.5177, 12.662, -9.03538
5.89, 14.6434, 12.5716, -9.28681
5.9, 14.7682, 12.4787, -9.53639
5.91, 14.892, 12.3834, -9.78405
5.92, 15.0149, 12.2855, -10.0298
5.93, 15.1367, 12.1852, -10.2735
5.94, 15.2576, 12.0825, -10.5151
5.95, 15.3773, 11.9773, -10.7547
5.96, 15.496, 11.8698, -10.9921
5.97, 15.6136, 11.7599, -11.2273
5.98, 15.7301, 11.6476, -11.4602
5.99, 15.8454, 11.533, -11.6909
6, 15.9596, 11.4161, -11.9192
6.01, 16.0726, 11.2969, -12.1451
6.02, 16.1843, 11.1754, -12.3686
6.03, 16.2948, 11.0518, -12.5897
6.04, 16.4041, 10.9259, -12.8082
6.05, 16.5121, 10.7978, -13.0241
6.06, 16.6187, 10.6675, -13.2375
6.07, 16.7241, 10.5352, -13.4482
6.08, 16.8281, 10.4007, -13.6562
6.09, 16.9307, 10.2641, -13.8615
6.1, 17.032, 10.1255, -14.064
6.11, 17.1319, 9.98487, -14.2637
6.12, 17.2303, 9.84223, -14.4605
6.13, 17.3273, 9.69762, -14.6545
6.14, 17.4228, 9.55108, -14.8455
6.15, 17.5168, 9.40262, -15.0336
6.16, 17.6093, 9.25229, -15.2186
6.17, 17.7003, 9.1001, -15.4006
6.18, 17.7898, 8.9461, -15.5795
6.19, 17.8777, 8.7903, -15.7554
6.2, 17.964, 8.63275, -15.928
6.21, 18.0487, 8.47347, -16.0975
6.22, 18.1319, 8.31249, -16.2637
6.23, 18.2134, 8.14985, -16.4267
6.24, 18.2932, 7.98559, -16.5864
6.25, 18.3714, 7.81972, -16.7428
6.26, 18.4479, 7.6523, -16.8959
6.27, 18.5228, 7.48334, -17.0455
6.28, 18.5959, 7.31288, -17.1918
6.29, 18.6673, 7.14096, -17.3346
6.3, 18.737, 6.96762, -17.474
6.31, 18.8049, 6.79288, -17.6098
6.32, 18.8711, 6.61678, -17.7422
6.33, 18.9355, 6.43936, -17.871
6.34, 18.9981, 6.26065, -17.9962
6.35, 19.0589, 6.08069, -18.1178
6.36, 19.1179, 5.89951, -18.2358
6.37, 19.1751, 5.71715, -18.3501
6.38, 19.2304, 5.53365, -18.4608
6.39, 19.2839, 5.34904, -18.5678
6.4, 19.3355, 5.16336, -18.671
6.41, 19.3853, 4.97665, -18.7706
6.42, 19.4332, 4.78895, -18.8663
6.43, 19.4792, 4.60028, -18.9584
6.44, 19.5233, 4.4107, -19.0466
6.45, 19.5655, 4.22024, -19.131
6.46, 19.6058, 4.02893, -19.2115
6.47, 19.6441, 3.83681, -19.2883
6.48, 19.6806, 3.64393, -19.3612
6.49, 19.7151, 3.45032, -19.4302
6.5, 19.7476, 3.25601, -19.4953
6.51, 19.7783, 3.06106, -19.5565
6.52, 19.8069, 2.8655, -19.6138
6.53, 19.8336, 2.66936, -19.6672
6.54, 19.8583, 2.47269, -19.7167
6.55, 19.8811, 2.27552, -19.7622
6.56, 19.9019, 2.0779, -19.8037
6.57, 19.9207, 1.87986, -19.8413
6.58, 19.9375, 1.68145, -19.875
6.59, 19.9523, 1.4827, -19.9046
6.6, 19.9651, 1.28365, -19.9303
6.61, 19.976, 1.08435, -19.952
6.62, 19.9848, 0.884829, -19.9697
6.63, 19.9917, 0.685132, -19.9834
6.64, 19.9965, 0.485298, -19.9931
6.65, 19.9994, 0.285368, -19.9988
6.66, 20.0002, 0.0853797, -20.0005
6.67, 19.9991, -0.114625, -19.9982
6.68, 19.996, -0.314607, -19.9919
6.69, 19.9908, -0.514526, -19.9816
6.7, 19.9837, -0.714342, -19.9673
6.71, 19.9745, -0.914016, -19.949
6.72, 19.9634, -1.11351, -19.9268
6.73, 19.9503, -1.31277, -19.9005
6.74, 19.9351, -1.51178, -19.8703
6.75, 19.918, -1.71048, -19.8361
6.76, 19.8989, -1.90884, -19.7979
6.77, 19.8779, -2.10682, -19.7558
6.78, 19.8548, -2.30438, -19.7097
6.79, 19.8298, -2.50148, -19.6596
6.8, 19.8028, -2.69807, -19.6057
6.81, 19.7739, -2.89413, -19.5478
6.82, 19.743, -3.08961, -19.486
6.83, 19.7102, -3.28447, -19.4203
6.84, 19.6754, -3.47867, -19.3507
6.85, 19.6387, -3.67218, -19.2773
6.86, 19.6, -3.86495, -19.2
6.87, 19.5594, -4.05695, -19.1189
6.88, 19.517, -4.24814, -19.0339
6.89, 19.4726, -4.43848, -18.9451
6.9, 19.4263, -4.62793, -18.8526
6.91, 19.3781, -4.81646, -18.7562
6.92, 19.3281, -5.00402, -18.6562
6.93, 19.2762, -5.19058, -18.5524
6.94, 19.2224, -5.3761, -18.4448
6.95, 19.1668, -5.56055, -18.3336
6.96, 19.1094, -5.74389, -18.2187
6.97, 19.0501, -5.92608, -18.1002
6.98, 18.989, -6.10708, -17.9781
6.99, 18.9262, -6.28686, -17.8523
7, 18.8615, -6.46538, -17.723
7.01, 18.7951, -6.64261, -17.5902
7.02, 18.7269, -6.81851, -17.4538
7.03, 18.657, -6.99305, -17.314
7.04, 18.5853, -7.16619, -17.1706
7.05, 18.5119, -7.3379, -17.0239
7.06, 18.4369, -7.50814, -16.8737
7.07, 18.3601, -7.67687, -16.7202
7.08, 18.2816, -7.84408, -16.5633
7.09, 18.2015, -8.00971, -16.4031
7.1, 18.1198, -8.17374, -16.2396
7.11, 18.0364, -8.33614, -16.0729
7.12, 17.9515, -8.49686, -15.903
7.13, 17.8649, -8.65589, -15.7298
7.14, 17.7768, -8.81319, -15.5536
7.15, 17.6871, -8.96873, -15.3742
7.16, 17.5959, -9.12247, -15.1918
7.17, 17.5031, -9.27439, -15.0063
7.18, 17.4089, -9.42445, -14.8178
7.19, 17.3132, -9.57263, -14.6263
7.2, 17.216, -9.71889, -14.4319
7.21, 17.1173, -9.86321, -14.2347
7.22, 17.0173, -10.0056, -14.0346
7.23, 16.9158, -10.1459, -13.8317
7.24, 16.813, -10.2842, -13.626
7.25, 16.7088, -10.4205, -13.4176
7.26, 16.6032, -10.5547, -13.2065
7.27, 16.4964, -10.6867, -12.9927
7.28, 16.3882, -10.8166, -12.7764
7.29, 16.2788, -10.9444, -12.5575
7.3, 16.1681, -11.07, -12.3361
7.31, 16.0561, -11.1933, -12.1122
7.32, 15.943, -11.3145, -11.886
7.33, 15.8286, -11.4333, -11.6573
7.34, 15.7131, -11.5499, -11.4263
7.35, 15.5965, -11.6642, -11.193
7.36, 15.4787, -11.7761, -10.9575
7.37, 15.3599, -11.8857, -10.7198
7.38, 15.24, -11.9929, -10.4799
7.39, 15.119, -12.0977, -10.238
7.4, 14.997, -12.2, -9.99396
7.41, 14.874, -12.3, -9.74796
7.42, 14.75, -12.3975, -9.50001
7.43, 14.6251, -12.4925, -9.25016
7.44, 14.4992, -12.585, -8.99846
7.45, 14.3725, -12.675, -8.74496
7.46, 14.2449, -12.7624, -8.48971
7.47, 14.1164, -12.8473, -8.23277
7.48, 13.9871, -12.9296, -7.97418
7.49, 13.857, -13.0094, -7.71399
7.5, 13.7261, -13.0865, -7.45226
7.51, 13.5945, -13.161, -7.18904
7.52, 13.4622, -13.2329, -6.92438
7.53, 13.3292, -13.3022, -6.65834
7.54, 13.1955, -13.3687, -6.39096
7.55, 13.0612, -13.4327, -6.12231
7.56, 12.9262, -13.4939, -5.85243
7.57, 12.7907, -13.5524, -5.58138
7.58, 12.6546, -13.6082, -5.30922
7.59, 12.518, -13.6613, -5.03599
7.6, 12.3809, -13.7117, -4.76176
7.61, 12.2433, -13.7593, -4.48657
7.62, 12.1052, -13.8042, -4.21049
7.63, 11.9668, -13.8463, -3.93356
7.64, 11.8279, -13.8856, -3.65585
7.65, 11.6887, -13.9222, -3.37741
7.66, 11.5491, -13.9559, -3.09829
7.67, 11.4093, -13.9869, -2.81855
7.68, 11.2691, -14.0151, -2.53825
7.69, 11.1287, -14.0405, -2.25744
7.7, 10.9881, -14.0631, -1.97618
7.71, 10.8473, -14.0828, -1.69452
7.72, 10.7063, -14.0998, -1.41253
7.73, 10.5651, -14.1139, -1.13025
7.74, 10.4239, -14.1252, -0.847747
7.75, 10.2825, -14.1337, -0.565073
7.76, 10.1411, -14.1393, -0.282287
7.77, 9.99972, -14.1421, 0.000555838
7.78, 9.8583, -14.1421, 0.283398
7.79, 9.71691, -14.1393, 0.566184
7.8, 9.57557, -14.1336, 0.848857
7.81, 9.43432, -14.1251, 1.13136
7.82, 9.29318, -14.1138, 1.41364
7.83, 9.15218, -14.0997, 1.69563
7.84, 9.01136, -14.0827, 1.97729
7.85, 8.87073, -14.063, 2.25855
7.86, 8.73032, -14.0404, 2.53935
7.87, 8.59017, -14.015, 2.81965
7.88, 8.45031, -13.9868, 3.09939
7.89, 8.31075, -13.9558, 3.3785
7.9, 8.17153, -13.922, 3.65694
7.91, 8.03267, -13.8854, 3.93465
7.92, 7.89421, -13.8461, 4.21158
7.93, 7.75617, -13.804, 4.48766
7.94, 7.61858, -13.7591, 4.76284
7.95, 7.48147, -13.7115, 5.03707
7.96, 7.34486, -13.6611, 5.31029
7.97, 7.20878, -13.608, 5.58245
7.98, 7.07325, -13.5522, 5.85349
7.99, 6.93832, -13.4936, 6.12337
8, 6.80399, -13.4324, 6.39201
8.01, 6.67031, -13.3685, 6.65938
8.02, 6.53729, -13.3019, 6.92542
8.03, 6.40496, -13.2326, 7.19007
8.04, 6.27336, -13.1607, 7.45329
8.05, 6.14249, -13.0862, 7.71501
8.06, 6.0124, -13.0091, 7.97519
8.07, 5.88311, -12.9293, 8.23378
8.08, 5.75464, -12.847, 8.49072
8.09, 5.62702, -12.7621, 8.74596
8.1, 5.50027, -12.6746, 8.99945
8.11, 5.37443, -12.5846, 9.25115
8.12, 5.24951, -12.4921, 9.50099
8.13, 5.12554, -12.3971, 9.74893
8.14, 5.00254, -12.2996, 9.99492
8.15, 4.88054, -12.1996, 10.2389
8.16, 4.75957, -12.0973, 10.4809
8.17, 4.63965, -11.9925, 10.7207
8.18, 4.52079, -11.8852, 10.9584
8.19, 4.40304, -11.7757, 11.1939
8.2, 4.2864, -11.6637, 11.4272
8.21, 4.1709, -11.5494, 11.6582
8.22, 4.05658, -11.4329, 11.8868
8.23, 3.94344, -11.314, 12.1131
8.24, 3.83151, -11.1929, 12.337
8.25, 3.72081, -11.0695, 12.5584
8.26, 3.61137, -10.9439, 12.7773
8.27, 3.50321, -10.8161, 12.9936
8.28, 3.39635, -10.6862, 13.2073
8.29, 3.29081, -10.5541, 13.4184
8.3, 3.18661, -10.4199, 13.6268
8.31, 3.08377, -10.2837, 13.8325
8.32, 2.98232, -10.1454, 14.0354
8.33, 2.88227, -10.005, 14.2355
8.34, 2.78364, -9.86265, 14.4327
8.35, 2.68646, -9.71832, 14.6271
8.36, 2.59074, -9.57205, 14.8185
8.37, 2.4965, -9.42386, 15.007
8.38, 2.40376, -9.27379, 15.1925
8.39, 2.31254, -9.12187, 15.3749
8.4, 2.22286, -8.96812, 15.5543
8.41, 2.13474, -8.81258, 15.7305
8.42, 2.04818, -8.65527, 15.9036
8.43, 1.96322, -8.49624, 16.0736
8.44, 1.87987, -8.3355, 16.2403
8.45, 1.79814, -8.1731, 16.4037
8.46, 1.71804, -8.00906, 16.5639
8.47, 1.63961, -7.84342, 16.7208
8.48, 1.56285, -7.67621, 16.8743
8.49, 1.48777, -7.50747, 17.0245
8.5, 1.4144, -7.33723, 17.1712
8.51, 1.34275, -7.16551, 17.3145
8.52, 1.27282, -6.99237, 17.4544
8.53, 1.20464, -6.81783, 17.5907
8.54, 1.13823, -6.64192, 17.7235
8.55, 1.07358, -6.46468, 17.8528
8.56, 1.01072, -6.28615, 17.9786
8.57, 0.949653, -6.10637, 18.1007
8.58, 0.8904, -5.92536, 18.2192
8.59, 0.832968, -5.74317, 18.3341
8.6, 0.77737, -5.55983, 18.4453
8.61, 0.723616, -5.37538, 18.5528
8.62, 0.671717, -5.18985, 18.6566
8.63, 0.621684, -5.00328, 18.7566
8.64, 0.573527, -4.81572, 18.8529
8.65, 0.527255, -4.62719, 18.9455
8.66, 0.482878, -4.43773, 19.0342
8.67, 0.440404, -4.24739, 19.1192
8.68, 0.399842, -4.0562, 19.2003
8.69, 0.3612, -3.86419, 19.2776
8.7, 0.324486, -3.67142, 19.351
8.71, 0.289707, -3.47791, 19.4206
8.72, 0.25687, -3.2837, 19.4863
8.73, 0.225982, -3.08884, 19.548
8.74, 0.197048, -2.89336, 19.6059
8.75, 0.170075, -2.6973, 19.6599
8.76, 0.145068, -2.5007, 19.7099
8.77, 0.122032, -2.3036, 19.7559
8.78, 0.100971, -2.10604, 19.7981
8.79, 0.0818908, -1.90806, 19.8362
8.8, 0.0647938, -1.7097, 19.8704
8.81, 0.0496838, -1.511, 19.9006
8.82, 0.0365639, -1.31199, 19.9269
8.83, 0.0254367, -1.11272, 19.9491
8.84, 0.0163044, -0.913231, 19.9674
8.85, 0.00916879, -0.713557, 19.9817
8.86, 0.00403138, -0.513741, 19.9919
8.87, 0.000893168, -0.313821, 19.9982
8.88, -0.000245223, -0.113839, 20.0005
8.89, 0.000616435, 0.0861658, 19.9988
8.9, 0.00347797, 0.286153, 19.993
8.91, 0.00833881, 0.486084, 19.9833
8.92, 0.015198, 0.685917, 19.9696
8.93, 0.0240541, 0.885613, 19.9519
8.94, 0.0349054, 1.08513, 19.9302
8.95, 0.0477498, 1.28443, 19.9045
8.96, 0.0625846, 1.48348, 19.8748
8.97, 0.0794068, 1.68223, 19.8412
8.98, 0.0982132, 1.88064, 19.8036
8.99, 0.119, 2.07867, 19.762
9, 0.141763, 2.27629, 19.7165
9.01, 0.166498, 2.47346, 19.667
9.02, 0.193199, 2.67013, 19.6136
9.03, 0.221861, 2.86627, 19.5563
9.04, 0.25248, 3.06183, 19.495
9.05, 0.285048, 3.25678, 19.4299
9.06, 0.319558, 3.45108, 19.3609
9.07, 0.356005, 3.64469, 19.288
9.08, 0.394381, 3.83757, 19.2112
9.09, 0.434678, 4.02968, 19.1306
9.1, 0.476888, 4.22099, 19.0462
9.11, 0.521002, 4.41145, 18.958
9.12, 0.567012, 4.60103, 18.866
9.13, 0.614909, 4.78969, 18.7702
9.14, 0.664683, 4.97739, 18.6706
9.15, 0.716324, 5.1641, 18.5674
9.16, 0.769822, 5.34977, 18.4604
9.17, 0.825165, 5.53437, 18.3497
9.18, 0.882344, 5.71787, 18.2353
9.19, 0.941346, 5.90022, 18.1173
9.2, 1.00216, 6.0814, 17.9957
9.21, 1.06477, 6.26135, 17.8705
9.22, 1.12917, 6.44006, 17.7417
9.23, 1.19535, 6.61747, 17.6093
9.24, 1.26328, 6.79357, 17.4734
9.25, 1.33297, 6.9683, 17.3341
9.26, 1.40438, 7.14164, 17.1912
9.27, 1.47752, 7.31355, 17.045
9.28, 1.55236, 7.484, 16.8953
9.29, 1.62889, 7.65296, 16.7422
9.3, 1.70709, 7.82038, 16.5858
9.31, 1.78696, 7.98624, 16.4261
9.32, 1.86846, 8.1505, 16.2631
9.33, 1.95159, 8.31313, 16.0968
9.34, 2.03633, 8.4741, 15.9273
9.35, 2.12267, 8.63337, 15.7547
9.36, 2.21058, 8.79092, 15.5788
9.37, 2.30004, 8.9467, 15.3999
9.38, 2.39105, 9.1007, 15.2179
9.39, 2.48358, 9.25288, 15.0328
9.4, 2.57761, 9.40321, 14.8448
9.41, 2.67313, 9.55166, 14.6537
9.42, 2.77011, 9.6982, 14.4598
9.43, 2.86854, 9.84279, 14.2629
9.44, 2.96839, 9.98542, 14.0632
9.45, 3.06965, 10.1261, 13.8607
9.46, 3.1723, 10.2647, 13.6554
9.47, 3.27631, 10.4012, 13.4474
9.48, 3.38167, 10.5357, 13.2367
9.49, 3.48835, 10.6681, 13.0233
9.5, 3.59633, 10.7983, 12.8073
9.51, 3.70559, 10.9264, 12.5888
9.52, 3.81612, 11.0523, 12.3678
9.53, 3.92788, 11.1759, 12.1442
9.54, 4.04085, 11.2974, 11.9183
9.55, 4.15502, 11.4166, 11.69
9.56, 4.27035, 11.5335, 11.4593
9.57, 4.38683, 11.648, 11.2263
9.58, 4.50443, 11.7603, 10.9911
9.59, 4.62314, 11.8702, 10.7537
9.6, 4.74291, 11.9778, 10.5142
9.61, 4.86374, 12.0829, 10.2725
9.62, 4.9856, 12.1856, 10.0288
9.63, 5.10846, 12.2859, 9.78308
9.64, 5.2323, 12.3837, 9.53541
9.65, 5.35709, 12.4791, 9.28583
9.66, 5.48281, 12.572, 9.03439
9.67, 5.60943, 12.6623, 8.78114
9.68, 5.73693, 12.7501, 8.52614
9.69, 5.86528, 12.8354, 8.26943
9.7, 5.99446, 12.9181, 8.01107
9.71, 6.12445, 12.9982, 7.75111
9.72, 6.2552, 13.0757, 7.48959
9.73, 6.38671, 13.1506, 7.22658
9.74, 6.51894, 13.2229, 6.96212
9.75, 6.65186, 13.2925, 6.69627
9.76, 6.78546, 13.3594, 6.42909
9.77, 6.91969, 13.4237, 6.16061
9.78, 7.05455, 13.4853, 5.8909
9.79, 7.18999, 13.5442, 5.62002
9.8, 7.32599, 13.6004, 5.34801
9.81, 7.46253, 13.6539, 5.07493
9.82, 7.59958, 13.7047, 4.80084
9.83, 7.73711, 13.7527, 4.52579
9.84, 7.87509, 13.7979, 4.24983
9.85, 8.01349, 13.8404, 3.97302
9.86, 8.15229, 13.8802, 3.69541
9.87, 8.29146, 13.9171, 3.41707
9.88, 8.43098, 13.9513, 3.13805
9.89, 8.5708, 13.9827, 2.85839
9.9, 8.71092, 14.0113, 2.57817
9.91, 8.85129, 14.037, 2.29743
9.92, 8.99189, 14.06, 2.01623
9.93, 9.13269, 14.0802, 1.73462
9.94, 9.27366, 14.0975, 1.45267
9.95, 9.41478, 14.112, 1.17043
9.96, 9.55602, 14.1238, 0.887957
9.97, 9.69735, 14.1326, 0.605305
9.98, 9.83873, 14.1387, 0.322531
9.99, 9.98015, 14.1419, 0.0396928
10, 10.1216, 14.1423, -0.243153