========================================
Experiment: P Controller + Spring Mass Damper
========================================

Simulation Parameters
---------------------
Target Position : 10.0 m
Simulation Time : 20.0 s
Time Step (dt) : 0.01 s

Controller
----------
Kp : 2.0

Plant
-----
Mass : 1.0 kg
Spring Constant : 2.0
Damping Coefficient : 1.0

Observed Results
----------------
- Position converges to the target.
- The position settled at aproxximately 5.0 m instead of the 10.0 m target
- Maximum observed position: 5.00 aproxx.
- A steady-state error of approximately 5.0 m remained.
- P control is not effective for removing steady-state error for spring mass damper

Explanation
-----------
At equilibrium, the velocity and acceleration become zero. The controller output (Kp × error) balances the spring restoring force (k × x). Since this balance occurs before the target position is reached, the error remains non-zero, resulting in a steady-state error.

Logs
----
time,position,velocity,controller_output
0, 0, 0, 20
0.01, 0.002, 0.2, 19.996
0.02, 0.0059792, 0.39792, 19.988
0.03, 0.0119162, 0.593702, 19.9762
0.04, 0.0197891, 0.787288, 19.9604
0.05, 0.0295753, 0.978624, 19.9408
0.06, 0.0412519, 1.16765, 19.9175
0.07, 0.0547952, 1.35433, 19.8904
0.08, 0.0701811, 1.53859, 19.8596
0.09, 0.0873851, 1.7204, 19.8252
0.1, 0.106382, 1.8997, 19.7872
0.11, 0.127147, 2.07645, 19.7457
0.12, 0.149653, 2.2506, 19.7007
0.13, 0.173874, 2.42211, 19.6523
0.14, 0.199783, 2.59093, 19.6004
0.15, 0.227353, 2.75703, 19.5453
0.16, 0.256557, 2.92036, 19.4869
0.17, 0.287366, 3.0809, 19.4253
0.18, 0.319752, 3.23859, 19.3605
0.19, 0.353686, 3.39342, 19.2926
0.2, 0.389139, 3.54534, 19.2217
0.21, 0.426082, 3.69432, 19.1478
0.22, 0.464486, 3.84033, 19.071
0.23, 0.504319, 3.98335, 18.9914
0.24, 0.545553, 4.12334, 18.9089
0.25, 0.588156, 4.26029, 18.8237
0.26, 0.632097, 4.39416, 18.7358
0.27, 0.677346, 4.52493, 18.6453
0.28, 0.723872, 4.65259, 18.5523
0.29, 0.771643, 4.77711, 18.4567
0.3, 0.820628, 4.89847, 18.3587
0.31, 0.870795, 5.01666, 18.2584
0.32, 0.922111, 5.13166, 18.1558
0.33, 0.974546, 5.24346, 18.0509
0.34, 1.02807, 5.35205, 17.9439
0.35, 1.08264, 5.4574, 17.8347
0.36, 1.13824, 5.55952, 17.7235
0.37, 1.19482, 5.6584, 17.6104
0.38, 1.25236, 5.75402, 17.4953
0.39, 1.31082, 5.84639, 17.3784
0.4, 1.37018, 5.93549, 17.2596
0.41, 1.43039, 6.02133, 17.1392
0.42, 1.49143, 6.1039, 17.0171
0.43, 1.55326, 6.1832, 16.8935
0.44, 1.61586, 6.25924, 16.7683
0.45, 1.67918, 6.33201, 16.6416
0.46, 1.74319, 6.40153, 16.5136
0.47, 1.80787, 6.46778, 16.3843
0.48, 1.87318, 6.53079, 16.2536
0.49, 1.93908, 6.59056, 16.1218
0.5, 2.00555, 6.64709, 15.9889
0.51, 2.07256, 6.70039, 15.8549
0.52, 2.14006, 6.75049, 15.7199
0.53, 2.20804, 6.79738, 15.5839
0.54, 2.27645, 6.84109, 15.4471
0.55, 2.34526, 6.88162, 15.3095
0.56, 2.41445, 6.91899, 15.1711
0.57, 2.48398, 6.95322, 15.032
0.58, 2.55383, 6.98433, 14.8923
0.59, 2.62395, 7.01233, 14.7521
0.6, 2.69432, 7.03725, 14.6114
0.61, 2.76492, 7.05911, 14.4702
0.62, 2.83569, 7.07792, 14.3286
0.63, 2.90663, 7.09371, 14.1867
0.64, 2.9777, 7.10651, 14.0446
0.65, 3.04886, 7.11634, 13.9023
0.66, 3.12009, 7.12322, 13.7598
0.67, 3.19136, 7.12718, 13.6173
0.68, 3.26265, 7.12826, 13.4747
0.69, 3.33391, 7.12647, 13.3322
0.7, 3.40513, 7.12185, 13.1897
0.71, 3.47627, 7.11442, 13.0475
0.72, 3.54732, 7.10423, 12.9054
0.73, 3.61823, 7.09129, 12.7635
0.74, 3.68899, 7.07565, 12.622
0.75, 3.75956, 7.05734, 12.4809
0.76, 3.82992, 7.03638, 12.3402
0.77, 3.90005, 7.01282, 12.1999
0.78, 3.96992, 6.98669, 12.0602
0.79, 4.0395, 6.95803, 11.921
0.8, 4.10877, 6.92687, 11.7825
0.81, 4.1777, 6.89325, 11.6446
0.82, 4.24627, 6.85721, 11.5075
0.83, 4.31446, 6.81878, 11.3711
0.84, 4.38224, 6.77802, 11.2355
0.85, 4.44959, 6.73495, 11.1008
0.86, 4.51648, 6.68961, 10.967
0.87, 4.58291, 6.64206, 10.8342
0.88, 4.64883, 6.59232, 10.7023
0.89, 4.71423, 6.54045, 10.5715
0.9, 4.7791, 6.48647, 10.4418
0.91, 4.8434, 6.43044, 10.3132
0.92, 4.90713, 6.3724, 10.1857
0.93, 4.97025, 6.31239, 10.0595
0.94, 5.03275, 6.25046, 9.93449
0.95, 5.09462, 6.18664, 9.81076
0.96, 5.15583, 6.12099, 9.68834
0.97, 5.21637, 6.05355, 9.56727
0.98, 5.27621, 5.98436, 9.44758
0.99, 5.33534, 5.91347, 9.32931
1, 5.39375, 5.84092, 9.21249
1.01, 5.45142, 5.76676, 9.09716
1.02, 5.50833, 5.69104, 8.98334
1.03, 5.56447, 5.61379, 8.87106
1.04, 5.61982, 5.53508, 8.76036
1.05, 5.67437, 5.45493, 8.65126
1.06, 5.7281, 5.37341, 8.54379
1.07, 5.78101, 5.29055, 8.43798
1.08, 5.83307, 5.2064, 8.33385
1.09, 5.88428, 5.12102, 8.23143
1.1, 5.93463, 5.03443, 8.13074
1.11, 5.9841, 4.94671, 8.03181
1.12, 6.03267, 4.85787, 7.93465
1.13, 6.08035, 4.76799, 7.83929
1.14, 6.12712, 4.67709, 7.74575
1.15, 6.17298, 4.58524, 7.65405
1.16, 6.2179, 4.49247, 7.5642
1.17, 6.26189, 4.39883, 7.47622
1.18, 6.30493, 4.30436, 7.39013
1.19, 6.34703, 4.20912, 7.30595
1.2, 6.38816, 4.11315, 7.22369
1.21, 6.42832, 4.01649, 7.14336
1.22, 6.46751, 3.91919, 7.06497
1.23, 6.50573, 3.8213, 6.98855
1.24, 6.54295, 3.72286, 6.91409
1.25, 6.57919, 3.62391, 6.84161
1.26, 6.61444, 3.52451, 6.77112
1.27, 6.64869, 3.42468, 6.70263
1.28, 6.68193, 3.32449, 6.63614
1.29, 6.71417, 3.22397, 6.57166
1.3, 6.7454, 3.12316, 6.5092
1.31, 6.77562, 3.02211, 6.44875
1.32, 6.80483, 2.92087, 6.39034
1.33, 6.83303, 2.81946, 6.33395
1.34, 6.86021, 2.71795, 6.27959
1.35, 6.88637, 2.61636, 6.22726
1.36, 6.91152, 2.51474, 6.17697
1.37, 6.93565, 2.41313, 6.1287
1.38, 6.95876, 2.31158, 6.08247
1.39, 6.98087, 2.21011, 6.03827
1.4, 7.00195, 2.10878, 5.99609
1.41, 7.02203, 2.00761, 5.95594
1.42, 7.0411, 1.90665, 5.91781
1.43, 7.05916, 1.80594, 5.88169
1.44, 7.07621, 1.70552, 5.84758
1.45, 7.09226, 1.60541, 5.81547
1.46, 7.10732, 1.50567, 5.78536
1.47, 7.12138, 1.40632, 5.75723
1.48, 7.13446, 1.3074, 5.73108
1.49, 7.14655, 1.20895, 5.7069
1.5, 7.15766, 1.111, 5.68468
1.51, 7.16779, 1.01358, 5.66441
1.52, 7.17696, 0.916732, 5.64608
1.53, 7.18517, 0.820486, 5.62967
1.54, 7.19241, 0.724875, 5.61517
1.55, 7.19871, 0.62993, 5.60257
1.56, 7.20407, 0.535682, 5.59186
1.57, 7.20849, 0.442162, 5.58302
1.58, 7.21199, 0.349401, 5.57603
1.59, 7.21456, 0.257427, 5.57088
1.6, 7.21622, 0.166271, 5.56755
1.61, 7.21698, 0.0759591, 5.56603
1.62, 7.21685, -0.0134798, 5.5663
1.63, 7.21583, -0.102019, 5.56834
1.64, 7.21393, -0.189632, 5.57214
1.65, 7.21117, -0.276293, 5.57766
1.66, 7.20755, -0.361977, 5.5849
1.67, 7.20308, -0.446659, 5.59384
1.68, 7.19778, -0.530316, 5.60444
1.69, 7.19165, -0.612924, 5.6167
1.7, 7.18471, -0.69446, 5.63059
1.71, 7.17696, -0.774904, 5.64609
1.72, 7.16841, -0.854233, 5.66317
1.73, 7.15909, -0.932427, 5.68182
1.74, 7.14899, -1.00947, 5.70201
1.75, 7.13814, -1.08533, 5.72372
1.76, 7.12654, -1.16, 5.74692
1.77, 7.11421, -1.23347, 5.77159
1.78, 7.10115, -1.3057, 5.7977
1.79, 7.08738, -1.37669, 5.82523
1.8, 7.07292, -1.44642, 5.85416
1.81, 7.05777, -1.51487, 5.88446
1.82, 7.04195, -1.58203, 5.9161
1.83, 7.02547, -1.64789, 5.94906
1.84, 7.00835, -1.71243, 5.98331
1.85, 6.99059, -1.77564, 6.01882
1.86, 6.97222, -1.83751, 6.05557
1.87, 6.95323, -1.89802, 6.09353
1.88, 6.93366, -1.95717, 6.13267
1.89, 6.91351, -2.01494, 6.17297
1.9, 6.8928, -2.07133, 6.2144
1.91, 6.87154, -2.12633, 6.25693
1.92, 6.84974, -2.17993, 6.30052
1.93, 6.82742, -2.23212, 6.34517
1.94, 6.80459, -2.2829, 6.39082
1.95, 6.78127, -2.33225, 6.43747
1.96, 6.75746, -2.38018, 6.48507
1.97, 6.7332, -2.42668, 6.53361
1.98, 6.70848, -2.47174, 6.58304
1.99, 6.68333, -2.51536, 6.63335
2, 6.65775, -2.55754, 6.6845
2.01, 6.63177, -2.59827, 6.73647
2.02, 6.60539, -2.63756, 6.78922
2.03, 6.57864, -2.6754, 6.84272
2.04, 6.55152, -2.71179, 6.89696
2.05, 6.52405, -2.74674, 6.95189
2.06, 6.49625, -2.78023, 7.0075
2.07, 6.46813, -2.81228, 7.06375
2.08, 6.4397, -2.84288, 7.1206
2.09, 6.41098, -2.87204, 7.17804
2.1, 6.38198, -2.89976, 7.23604
2.11, 6.35272, -2.92604, 7.29456
2.12, 6.32321, -2.95089, 7.35358
2.13, 6.29347, -2.97431, 7.41306
2.14, 6.26351, -2.9963, 7.47299
2.15, 6.23334, -3.01688, 7.53333
2.16, 6.20298, -3.03605, 7.59405
2.17, 6.17244, -3.0538, 7.65512
2.18, 6.14174, -3.07016, 7.71653
2.19, 6.11089, -3.08513, 7.77823
2.2, 6.0799, -3.09872, 7.8402
2.21, 6.04879, -3.11092, 7.90242
2.22, 6.01757, -3.12177, 7.96486
2.23, 5.98626, -3.13125, 8.02748
2.24, 5.95486, -3.13939, 8.09027
2.25, 5.9234, -3.14619, 8.15319
2.26, 5.89189, -3.15166, 8.21623
2.27, 5.86033, -3.15582, 8.27934
2.28, 5.82874, -3.15868, 8.34252
2.29, 5.79714, -3.16024, 8.40572
2.3, 5.76553, -3.16052, 8.46893
2.31, 5.73394, -3.15954, 8.53212
2.32, 5.70236, -3.1573, 8.59527
2.33, 5.67083, -3.15382, 8.65835
2.34, 5.63934, -3.14912, 8.72133
2.35, 5.6079, -3.1432, 8.78419
2.36, 5.57654, -3.13609, 8.84691
2.37, 5.54526, -3.12779, 8.90947
2.38, 5.51408, -3.11832, 8.97184
2.39, 5.483, -3.1077, 9.03399
2.4, 5.45205, -3.09594, 9.09591
2.41, 5.42121, -3.08306, 9.15757
2.42, 5.39052, -3.06908, 9.21895
2.43, 5.35998, -3.05401, 9.28003
2.44, 5.3296, -3.03787, 9.34079
2.45, 5.2994, -3.02068, 9.4012
2.46, 5.26937, -3.00245, 9.46125
2.47, 5.23954, -2.9832, 9.52092
2.48, 5.20991, -2.96295, 9.58018
2.49, 5.1805, -2.94171, 9.63901
2.5, 5.1513, -2.91952, 9.6974
2.51, 5.12234, -2.89637, 9.75533
2.52, 5.09361, -2.8723, 9.81277
2.53, 5.06514, -2.84732, 9.86972
2.54, 5.03693, -2.82146, 9.92615
2.55, 5.00898, -2.79472, 9.98204
2.56, 4.98131, -2.76713, 10.0374
2.57, 4.95392, -2.73871, 10.0922
2.58, 4.92682, -2.70948, 10.1464
2.59, 4.90003, -2.67946, 10.1999
2.6, 4.87354, -2.64867, 10.2529
2.61, 4.84737, -2.61712, 10.3053
2.62, 4.82152, -2.58485, 10.357
2.63, 4.79601, -2.55186, 10.408
2.64, 4.77082, -2.51818, 10.4584
2.65, 4.74599, -2.48383, 10.508
2.66, 4.7215, -2.44883, 10.557
2.67, 4.69736, -2.4132, 10.6053
2.68, 4.6736, -2.37697, 10.6528
2.69, 4.65019, -2.34014, 10.6996
2.7, 4.62717, -2.30275, 10.7457
2.71, 4.60452, -2.26481, 10.791
2.72, 4.58226, -2.22634, 10.8355
2.73, 4.56038, -2.18736, 10.8792
2.74, 4.5389, -2.14791, 10.9222
2.75, 4.51782, -2.10798, 10.9644
2.76, 4.49715, -2.06762, 11.0057
2.77, 4.47688, -2.02683, 11.0462
2.78, 4.45702, -1.98563, 11.086
2.79, 4.43758, -1.94406, 11.1248
2.8, 4.41856, -1.90212, 11.1629
2.81, 4.39996, -1.85984, 11.2001
2.82, 4.38179, -1.81724, 11.2364
2.83, 4.36405, -1.77434, 11.2719
2.84, 4.34673, -1.73116, 11.3065
2.85, 4.32986, -1.68772, 11.3403
2.86, 4.31342, -1.64403, 11.3732
2.87, 4.29742, -1.60013, 11.4052
2.88, 4.28186, -1.55603, 11.4363
2.89, 4.26674, -1.51174, 11.4665
2.9, 4.25206, -1.46729, 11.4959
2.91, 4.23784, -1.4227, 11.5243
2.92, 4.22406, -1.37799, 11.5519
2.93, 4.21073, -1.33317, 11.5785
2.94, 4.19784, -1.28827, 11.6043
2.95, 4.18541, -1.2433, 11.6292
2.96, 4.17343, -1.19828, 11.6531
2.97, 4.1619, -1.15324, 11.6762
2.98, 4.15081, -1.10818, 11.6984
2.99, 4.14018, -1.06313, 11.7196
3, 4.13, -1.01811, 11.74
3.01, 4.12027, -0.973126, 11.7595
3.02, 4.11099, -0.928205, 11.778
3.03, 4.10215, -0.883363, 11.7957
3.04, 4.09377, -0.838615, 11.8125
3.05, 4.08583, -0.79398, 11.8283
3.06, 4.07833, -0.749473, 11.8433
3.07, 4.07128, -0.705112, 11.8574
3.08, 4.06467, -0.660912, 11.8707
3.09, 4.0585, -0.61689, 11.883
3.1, 4.05277, -0.573061, 11.8945
3.11, 4.04748, -0.529441, 11.905
3.12, 4.04262, -0.486046, 11.9148
3.13, 4.03819, -0.44289, 11.9236
3.14, 4.03419, -0.399989, 11.9316
3.15, 4.03062, -0.357357, 11.9388
3.16, 4.02747, -0.315008, 11.9451
3.17, 4.02474, -0.272956, 11.9505
3.18, 4.02242, -0.231216, 11.9552
3.19, 4.02053, -0.189801, 11.9589
3.2, 4.01904, -0.148724, 11.9619
3.21, 4.01796, -0.107999, 11.9641
3.22, 4.01728, -0.0676369, 11.9654
3.23, 4.01701, -0.0276519, 11.966
3.24, 4.01713, 0.0119444, 11.9657
3.25, 4.01764, 0.0511399, 11.9647
3.26, 4.01854, 0.089923, 11.9629
3.27, 4.01982, 0.128282, 11.9604
3.28, 4.02148, 0.166207, 11.957
3.29, 4.02352, 0.203685, 11.953
3.3, 4.02593, 0.240708, 11.9481
3.31, 4.0287, 0.277264, 11.9426
3.32, 4.03183, 0.313343, 11.9363
3.33, 4.03532, 0.348936, 11.9294
3.34, 4.03916, 0.384034, 11.9217
3.35, 4.04335, 0.418627, 11.9133
3.36, 4.04787, 0.452707, 11.9043
3.37, 4.05274, 0.486265, 11.8945
3.38, 4.05793, 0.519293, 11.8841
3.39, 4.06345, 0.551783, 11.8731
3.4, 4.06929, 0.583727, 11.8614
3.41, 4.07544, 0.615118, 11.8491
3.42, 4.0819, 0.64595, 11.8362
3.43, 4.08866, 0.676214, 11.8227
3.44, 4.09572, 0.705906, 11.8086
3.45, 4.10307, 0.735018, 11.7939
3.46, 4.1107, 0.763545, 11.7786
3.47, 4.11862, 0.791482, 11.7628
3.48, 4.12681, 0.818822, 11.7464
3.49, 4.13526, 0.845562, 11.7295
3.5, 4.14398, 0.871696, 11.712
3.51, 4.15295, 0.89722, 11.6941
3.52, 4.16217, 0.922129, 11.6757
3.53, 4.17164, 0.946421, 11.6567
3.54, 4.18134, 0.970092, 11.6373
3.55, 4.19127, 0.993137, 11.6175
3.56, 4.20142, 1.01556, 11.5972
3.57, 4.2118, 1.03734, 11.5764
3.58, 4.22238, 1.0585, 11.5552
3.59, 4.23317, 1.07902, 11.5337
3.6, 4.24416, 1.0989, 11.5117
3.61, 4.25534, 1.11814, 11.4893
3.62, 4.26671, 1.13675, 11.4666
3.63, 4.27826, 1.15471, 11.4435
3.64, 4.28998, 1.17204, 11.42
3.65, 4.30187, 1.18872, 11.3963
3.66, 4.31391, 1.20475, 11.3722
3.67, 4.32611, 1.22015, 11.3478
3.68, 4.33846, 1.2349, 11.3231
3.69, 4.35095, 1.24902, 11.2981
3.7, 4.36358, 1.26249, 11.2728
3.71, 4.37633, 1.27532, 11.2473
3.72, 4.38921, 1.28751, 11.2216
3.73, 4.4022, 1.29907, 11.1956
3.74, 4.4153, 1.30999, 11.1694
3.75, 4.4285, 1.32028, 11.143
3.76, 4.4418, 1.32994, 11.1164
3.77, 4.45519, 1.33897, 11.0896
3.78, 4.46866, 1.34737, 11.0627
3.79, 4.48221, 1.35515, 11.0356
3.8, 4.49584, 1.36231, 11.0083
3.81, 4.50953, 1.36885, 10.9809
3.82, 4.52327, 1.37478, 10.9535
3.83, 4.53707, 1.3801, 10.9259
3.84, 4.55092, 1.38482, 10.8982
3.85, 4.56481, 1.38893, 10.8704
3.86, 4.57874, 1.39245, 10.8425
3.87, 4.59269, 1.39538, 10.8146
3.88, 4.60667, 1.39772, 10.7867
3.89, 4.62066, 1.39947, 10.7587
3.9, 4.63467, 1.40065, 10.7307
3.91, 4.64868, 1.40126, 10.7026
3.92, 4.66269, 1.4013, 10.6746
3.93, 4.6767, 1.40078, 10.6466
3.94, 4.6907, 1.3997, 10.6186
3.95, 4.70468, 1.39808, 10.5906
3.96, 4.71864, 1.39591, 10.5627
3.97, 4.73257, 1.3932, 10.5349
3.98, 4.74647, 1.38997, 10.5071
3.99, 4.76033, 1.38621, 10.4793
4, 4.77415, 1.38194, 10.4517
4.01, 4.78792, 1.37715, 10.4242
4.02, 4.80164, 1.37186, 10.3967
4.03, 4.8153, 1.36608, 10.3694
4.04, 4.8289, 1.3598, 10.3422
4.05, 4.84243, 1.35305, 10.3151
4.06, 4.85589, 1.34582, 10.2882
4.07, 4.86927, 1.33813, 10.2615
4.08, 4.88257, 1.32998, 10.2349
4.09, 4.89579, 1.32137, 10.2084
4.1, 4.90891, 1.31233, 10.1822
4.11, 4.92194, 1.30285, 10.1561
4.12, 4.93487, 1.29294, 10.1303
4.13, 4.94769, 1.28262, 10.1046
4.14, 4.96041, 1.27189, 10.0792
4.15, 4.97302, 1.26075, 10.054
4.16, 4.98551, 1.24922, 10.029
4.17, 4.99788, 1.23731, 10.0042
4.18, 5.01013, 1.22502, 9.97973
4.19, 5.02226, 1.21237, 9.95548
4.2, 5.03425, 1.19935, 9.9315
4.21, 5.04611, 1.18599, 9.90778
4.22, 5.05783, 1.17228, 9.88433
4.23, 5.06942, 1.15825, 9.86117
4.24, 5.08086, 1.14389, 9.83829
4.25, 5.09215, 1.12921, 9.8157
4.26, 5.10329, 1.11424, 9.79342
4.27, 5.11428, 1.09896, 9.77144
4.28, 5.12511, 1.0834, 9.74977
4.29, 5.13579, 1.06756, 9.72842
4.3, 5.1463, 1.05146, 9.70739
4.31, 5.15665, 1.03509, 9.68669
4.32, 5.16684, 1.01847, 9.66632
4.33, 5.17686, 1.00161, 9.64629
4.34, 5.1867, 0.984524, 9.6266
4.35, 5.19637, 0.967211, 9.60725
4.36, 5.20587, 0.949684, 9.58826
4.37, 5.21519, 0.931952, 9.56962
4.38, 5.22433, 0.914025, 9.55134
4.39, 5.23329, 0.895911, 9.53342
4.4, 5.24206, 0.877621, 9.51587
4.41, 5.25066, 0.859162, 9.49869
4.42, 5.25906, 0.840544, 9.48188
4.43, 5.26728, 0.821776, 9.46544
4.44, 5.27531, 0.802867, 9.44938
4.45, 5.28315, 0.783826, 9.43371
4.46, 5.29079, 0.764662, 9.41841
4.47, 5.29825, 0.745384, 9.40351
4.48, 5.30551, 0.726, 9.38899
4.49, 5.31257, 0.70652, 9.37486
4.5, 5.31944, 0.686952, 9.36112
4.51, 5.32611, 0.667304, 9.34777
4.52, 5.33259, 0.647587, 9.33482
4.53, 5.33887, 0.627807, 9.32226
4.54, 5.34495, 0.607974, 9.3101
4.55, 5.35083, 0.588097, 9.29834
4.56, 5.35651, 0.568183, 9.28698
4.57, 5.36199, 0.54824, 9.27601
4.58, 5.36728, 0.528278, 9.26545
4.59, 5.37236, 0.508304, 9.25528
4.6, 5.37724, 0.488327, 9.24551
4.61, 5.38193, 0.468354, 9.23615
4.62, 5.38641, 0.448393, 9.22718
4.63, 5.39069, 0.428453, 9.21861
4.64, 5.39478, 0.408541, 9.21044
4.65, 5.39867, 0.388664, 9.20267
4.66, 5.40236, 0.368831, 9.19529
4.67, 5.40585, 0.349048, 9.18831
4.68, 5.40914, 0.329324, 9.18172
4.69, 5.41224, 0.309665, 9.17553
4.7, 5.41514, 0.290079, 9.16973
4.71, 5.41784, 0.270573, 9.16432
4.72, 5.42035, 0.251153, 9.15929
4.73, 5.42267, 0.231828, 9.15466
4.74, 5.4248, 0.212602, 9.1504
4.75, 5.42673, 0.193485, 9.14653
4.76, 5.42848, 0.17448, 9.14304
4.77, 5.43003, 0.155596, 9.13993
4.78, 5.4314, 0.136839, 9.1372
4.79, 5.43258, 0.118215, 9.13483
4.8, 5.43358, 0.0997292, 9.13284
4.81, 5.4344, 0.0813886, 9.13121
4.82, 5.43503, 0.0631989, 9.12995
4.83, 5.43548, 0.0451658, 9.12904
4.84, 5.43575, 0.027295, 9.1285
4.85, 5.43585, 0.00959199, 9.1283
4.86, 5.43577, -0.00793784, 9.12846
4.87, 5.43552, -0.0252892, 9.12897
4.88, 5.43509, -0.0424569, 9.12982
4.89, 5.4345, -0.059436, 9.13101
4.9, 5.43373, -0.0762215, 9.13253
4.91, 5.43281, -0.0928087, 9.13439
4.92, 5.43171, -0.109193, 9.13657
4.93, 5.43046, -0.125369, 9.13908
4.94, 5.42905, -0.141334, 9.14191
4.95, 5.42748, -0.157083, 9.14505
4.96, 5.42575, -0.172611, 9.1485
4.97, 5.42387, -0.187915, 9.15226
4.98, 5.42184, -0.202991, 9.15632
4.99, 5.41966, -0.217834, 9.16067
5, 5.41734, -0.232443, 9.16532
5.01, 5.41487, -0.246812, 9.17026
5.02, 5.41226, -0.260938, 9.17548
5.03, 5.40951, -0.274819, 9.18097
5.04, 5.40663, -0.288452, 9.18674
5.05, 5.40361, -0.301832, 9.19278
5.06, 5.40046, -0.314958, 9.19908
5.07, 5.39718, -0.327827, 9.20564
5.08, 5.39378, -0.340436, 9.21244
5.09, 5.39025, -0.352783, 9.2195
5.1, 5.3866, -0.364865, 9.2268
5.11, 5.38283, -0.376681, 9.23433
5.12, 5.37895, -0.388227, 9.2421
5.13, 5.37496, -0.399503, 9.25009
5.14, 5.37085, -0.410506, 9.2583
5.15, 5.36664, -0.421235, 9.26672
5.16, 5.36232, -0.431689, 9.27535
5.17, 5.3579, -0.441865, 9.28419
5.18, 5.35339, -0.451762, 9.29323
5.19, 5.34877, -0.46138, 9.30245
5.2, 5.34407, -0.470717, 9.31187
5.21, 5.33927, -0.479773, 9.32146
5.22, 5.33438, -0.488546, 9.33123
5.23, 5.32941, -0.497035, 9.34118
5.24, 5.32436, -0.505241, 9.35128
5.25, 5.31923, -0.513163, 9.36154
5.26, 5.31402, -0.520801, 9.37196
5.27, 5.30874, -0.528154, 9.38252
5.28, 5.30339, -0.535222, 9.39323
5.29, 5.29797, -0.542005, 9.40407
5.3, 5.29248, -0.548504, 9.41504
5.31, 5.28693, -0.554718, 9.42613
5.32, 5.28133, -0.560648, 9.43734
5.33, 5.27566, -0.566295, 9.44867
5.34, 5.26995, -0.571658, 9.4601
5.35, 5.26418, -0.57674, 9.47164
5.36, 5.25837, -0.581539, 9.48327
5.37, 5.2525, -0.586059, 9.49499
5.38, 5.2466, -0.590298, 9.5068
5.39, 5.24066, -0.594259, 9.51868
5.4, 5.23468, -0.597943, 9.53064
5.41, 5.22867, -0.601351, 9.54267
5.42, 5.22262, -0.604484, 9.55476
5.43, 5.21655, -0.607344, 9.5669
5.44, 5.21045, -0.609932, 9.5791
5.45, 5.20433, -0.612251, 9.59135
5.46, 5.19818, -0.614302, 9.60363
5.47, 5.19202, -0.616086, 9.61596
5.48, 5.18585, -0.617606, 9.62831
5.49, 5.17966, -0.618864, 9.64068
5.5, 5.17346, -0.619861, 9.65308
5.51, 5.16725, -0.620601, 9.66549
5.52, 5.16104, -0.621085, 9.67792
5.53, 5.15483, -0.621316, 9.69034
5.54, 5.14862, -0.621296, 9.70277
5.55, 5.14241, -0.621028, 9.71519
5.56, 5.1362, -0.620514, 9.7276
5.57, 5.13, -0.619757, 9.73999
5.58, 5.12382, -0.618759, 9.75237
5.59, 5.11764, -0.617524, 9.76472
5.6, 5.11148, -0.616055, 9.77704
5.61, 5.10534, -0.614353, 9.78933
5.62, 5.09921, -0.612423, 9.80158
5.63, 5.09311, -0.610267, 9.81378
5.64, 5.08703, -0.607889, 9.82594
5.65, 5.08098, -0.605291, 9.83805
5.66, 5.07495, -0.602478, 9.85009
5.67, 5.06896, -0.599451, 9.86208
5.68, 5.063, -0.596215, 9.87401
5.69, 5.05707, -0.592772, 9.88586
5.7, 5.05118, -0.589127, 9.89765
5.71, 5.04532, -0.585283, 9.90935
5.72, 5.03951, -0.581243, 9.92098
5.73, 5.03374, -0.577011, 9.93252
5.74, 5.02802, -0.572591, 9.94397
5.75, 5.02234, -0.567986, 9.95533
5.76, 5.0167, -0.563199, 9.96659
5.77, 5.01112, -0.558235, 9.97776
5.78, 5.00559, -0.553098, 9.98882
5.79, 5.00011, -0.54779, 9.99977
5.8, 4.99469, -0.542317, 10.0106
5.81, 4.98932, -0.536681, 10.0214
5.82, 4.98401, -0.530888, 10.032
5.83, 4.97876, -0.524939, 10.0425
5.84, 4.97358, -0.51884, 10.0528
5.85, 4.96845, -0.512595, 10.0631
5.86, 4.96339, -0.506207, 10.0732
5.87, 4.95839, -0.499681, 10.0832
5.88, 4.95346, -0.493019, 10.0931
5.89, 4.9486, -0.486228, 10.1028
5.9, 4.94381, -0.479309, 10.1124
5.91, 4.93908, -0.472268, 10.1218
5.92, 4.93443, -0.465109, 10.1311
5.93, 4.92985, -0.457835, 10.1403
5.94, 4.92535, -0.450451, 10.1493
5.95, 4.92092, -0.44296, 10.1582
5.96, 4.91657, -0.435368, 10.1669
5.97, 4.91229, -0.427677, 10.1754
5.98, 4.90809, -0.419891, 10.1838
5.99, 4.90397, -0.412016, 10.1921
6, 4.89993, -0.404055, 10.2001
6.01, 4.89597, -0.396011, 10.2081
6.02, 4.89209, -0.38789, 10.2158
6.03, 4.88829, -0.379695, 10.2234
6.04, 4.88458, -0.371429, 10.2308
6.05, 4.88095, -0.363098, 10.2381
6.06, 4.8774, -0.354705, 10.2452
6.07, 4.87394, -0.346254, 10.2521
6.08, 4.87056, -0.337749, 10.2589
6.09, 4.86727, -0.329194, 10.2655
6.1, 4.86406, -0.320593, 10.2719
6.11, 4.86094, -0.311949, 10.2781
6.12, 4.85791, -0.303268, 10.2842
6.13, 4.85497, -0.294551, 10.2901
6.14, 4.85211, -0.285805, 10.2958
6.15, 4.84934, -0.277031, 10.3013
6.16, 4.84665, -0.268234, 10.3067
6.17, 4.84406, -0.259418, 10.3119
6.18, 4.84155, -0.250586, 10.3169
6.19, 4.83914, -0.241742, 10.3217
6.2, 4.83681, -0.23289, 10.3264
6.21, 4.83457, -0.224034, 10.3309
6.22, 4.83242, -0.215176, 10.3352
6.23, 4.83035, -0.206321, 10.3393
6.24, 4.82838, -0.197472, 10.3432
6.25, 4.82649, -0.188632, 10.347
6.26, 4.82469, -0.179806, 10.3506
6.27, 4.82298, -0.170996, 10.354
6.28, 4.82136, -0.162205, 10.3573
6.29, 4.81983, -0.153437, 10.3603
6.3, 4.81838, -0.144696, 10.3632
6.31, 4.81702, -0.135984, 10.366
6.32, 4.81575, -0.127305, 10.3685
6.33, 4.81456, -0.118662, 10.3709
6.34, 4.81346, -0.110058, 10.3731
6.35, 4.81245, -0.101496, 10.3751
6.36, 4.81152, -0.0929787, 10.377
6.37, 4.81067, -0.0845095, 10.3787
6.38, 4.80991, -0.0760912, 10.3802
6.39, 4.80923, -0.0677267, 10.3815
6.4, 4.80864, -0.0594187, 10.3827
6.41, 4.80813, -0.0511701, 10.3837
6.42, 4.8077, -0.0429834, 10.3846
6.43, 4.80735, -0.0348615, 10.3853
6.44, 4.80708, -0.0268068, 10.3858
6.45, 4.80689, -0.0188219, 10.3862
6.46, 4.80678, -0.0109093, 10.3864
6.47, 4.80675, -0.00307156, 10.3865
6.48, 4.8068, 0.00468908, 10.3864
6.49, 4.80692, 0.0123702, 10.3862
6.5, 4.80712, 0.0199696, 10.3858
6.51, 4.8074, 0.027485, 10.3852
6.52, 4.80775, 0.0349143, 10.3845
6.53, 4.80817, 0.0422553, 10.3837
6.54, 4.80866, 0.049506, 10.3827
6.55, 4.80923, 0.0566644, 10.3815
6.56, 4.80987, 0.0637285, 10.3803
6.57, 4.81057, 0.0706965, 10.3789
6.58, 4.81135, 0.0775666, 10.3773
6.59, 4.81219, 0.0843369, 10.3756
6.6, 4.8131, 0.0910058, 10.3738
6.61, 4.81408, 0.0975716, 10.3718
6.62, 4.81512, 0.104033, 10.3698
6.63, 4.81622, 0.110388, 10.3676
6.64, 4.81739, 0.116635, 10.3652
6.65, 4.81862, 0.122773, 10.3628
6.66, 4.81991, 0.1288, 10.3602
6.67, 4.82125, 0.134716, 10.3575
6.68, 4.82266, 0.140519, 10.3547
6.69, 4.82412, 0.146207, 10.3518
6.7, 4.82564, 0.15178, 10.3487
6.71, 4.82721, 0.157237, 10.3456
6.72, 4.82884, 0.162576, 10.3423
6.73, 4.83051, 0.167797, 10.339
6.74, 4.83224, 0.172899, 10.3355
6.75, 4.83402, 0.17788, 10.332
6.76, 4.83585, 0.18274, 10.3283
6.77, 4.83772, 0.187479, 10.3246
6.78, 4.83965, 0.192095, 10.3207
6.79, 4.84161, 0.196588, 10.3168
6.8, 4.84362, 0.200958, 10.3128
6.81, 4.84567, 0.205204, 10.3087
6.82, 4.84777, 0.209325, 10.3045
6.83, 4.8499, 0.213321, 10.3002
6.84, 4.85207, 0.217192, 10.2959
6.85, 4.85428, 0.220937, 10.2914
6.86, 4.85653, 0.224556, 10.2869
6.87, 4.85881, 0.22805, 10.2824
6.88, 4.86112, 0.231417, 10.2778
6.89, 4.86347, 0.234658, 10.2731
6.9, 4.86584, 0.237773, 10.2683
6.91, 4.86825, 0.240761, 10.2635
6.92, 4.87069, 0.243623, 10.2586
6.93, 4.87315, 0.24636, 10.2537
6.94, 4.87564, 0.24897, 10.2487
6.95, 4.87816, 0.251455, 10.2437
6.96, 4.88069, 0.253814, 10.2386
6.97, 4.88326, 0.256048, 10.2335
6.98, 4.88584, 0.258157, 10.2283
6.99, 4.88844, 0.260142, 10.2231
7, 4.89106, 0.262003, 10.2179
7.01, 4.8937, 0.263741, 10.2126
7.02, 4.89635, 0.265356, 10.2073
7.03, 4.89902, 0.266848, 10.202
7.04, 4.9017, 0.268219, 10.1966
7.05, 4.90439, 0.269469, 10.1912
7.06, 4.9071, 0.270598, 10.1858
7.07, 4.90982, 0.271608, 10.1804
7.08, 4.91254, 0.272499, 10.1749
7.09, 4.91527, 0.273273, 10.1695
7.1, 4.91801, 0.273929, 10.164
7.11, 4.92076, 0.274469, 10.1585
7.12, 4.92351, 0.274894, 10.153
7.13, 4.92626, 0.275205, 10.1475
7.14, 4.92901, 0.275403, 10.142
7.15, 4.93177, 0.275488, 10.1365
7.16, 4.93452, 0.275462, 10.131
7.17, 4.93728, 0.275327, 10.1254
7.18, 4.94003, 0.275083, 10.1199
7.19, 4.94277, 0.274731, 10.1145
7.2, 4.94552, 0.274272, 10.109
7.21, 4.94825, 0.273709, 10.1035
7.22, 4.95098, 0.273042, 10.098
7.23, 4.95371, 0.272272, 10.0926
7.24, 4.95642, 0.271401, 10.0872
7.25, 4.95913, 0.27043, 10.0817
7.26, 4.96182, 0.269361, 10.0764
7.27, 4.9645, 0.268194, 10.071
7.28, 4.96717, 0.266932, 10.0657
7.29, 4.96983, 0.265576, 10.0603
7.3, 4.97247, 0.264128, 10.0551
7.31, 4.97509, 0.262588, 10.0498
7.32, 4.9777, 0.260958, 10.0446
7.33, 4.9803, 0.25924, 10.0394
7.34, 4.98287, 0.257436, 10.0343
7.35, 4.98543, 0.255547, 10.0291
7.36, 4.98796, 0.253574, 10.0241
7.37, 4.99048, 0.25152, 10.019
7.38, 4.99297, 0.249386, 10.0141
7.39, 4.99544, 0.247173, 10.0091
7.4, 4.99789, 0.244884, 10.0042
7.41, 5.00032, 0.242519, 9.99937
7.42, 5.00272, 0.240082, 9.99457
7.43, 5.00509, 0.237572, 9.98982
7.44, 5.00744, 0.234993, 9.98512
7.45, 5.00977, 0.232345, 9.98047
7.46, 5.01206, 0.229631, 9.97588
7.47, 5.01433, 0.226852, 9.97134
7.48, 5.01657, 0.224011, 9.96686
7.49, 5.01878, 0.221108, 9.96244
7.5, 5.02096, 0.218145, 9.95807
7.51, 5.02311, 0.215125, 9.95377
7.52, 5.02523, 0.21205, 9.94953
7.53, 5.02732, 0.20892, 9.94535
7.54, 5.02938, 0.205737, 9.94124
7.55, 5.03141, 0.202505, 9.93719
7.56, 5.0334, 0.199224, 9.9332
7.57, 5.03536, 0.195895, 9.92928
7.58, 5.03728, 0.192522, 9.92543
7.59, 5.03917, 0.189106, 9.92165
7.6, 5.04103, 0.185648, 9.91794
7.61, 5.04285, 0.18215, 9.9143
7.62, 5.04464, 0.178614, 9.91072
7.63, 5.04639, 0.175043, 9.90722
7.64, 5.0481, 0.171437, 9.90379
7.65, 5.04978, 0.167798, 9.90044
7.66, 5.05142, 0.164129, 9.89716
7.67, 5.05303, 0.160431, 9.89395
7.68, 5.05459, 0.156705, 9.89081
7.69, 5.05612, 0.152955, 9.88775
7.7, 5.05761, 0.14918, 9.88477
7.71, 5.05907, 0.145384, 9.88186
7.72, 5.06048, 0.141567, 9.87903
7.73, 5.06186, 0.137732, 9.87628
7.74, 5.0632, 0.13388, 9.8736
7.75, 5.0645, 0.130014, 9.871
7.76, 5.06576, 0.126133, 9.86848
7.77, 5.06698, 0.122242, 9.86603
7.78, 5.06817, 0.11834, 9.86366
7.79, 5.06931, 0.11443, 9.86138
7.8, 5.07042, 0.110513, 9.85917
7.81, 5.07148, 0.106591, 9.85703
7.82, 5.07251, 0.102666, 9.85498
7.83, 5.0735, 0.0987389, 9.85301
7.84, 5.07445, 0.0948116, 9.85111
7.85, 5.07535, 0.0908857, 9.84929
7.86, 5.07622, 0.0869626, 9.84755
7.87, 5.07705, 0.0830441, 9.84589
7.88, 5.07785, 0.0791315, 9.84431
7.89, 5.0786, 0.0752263, 9.8428
7.9, 5.07931, 0.0713302, 9.84138
7.91, 5.07999, 0.0674444, 9.84003
7.92, 5.08062, 0.0635706, 9.83876
7.93, 5.08122, 0.05971, 9.83756
7.94, 5.08178, 0.0558642, 9.83645
7.95, 5.0823, 0.0520345, 9.83541
7.96, 5.08278, 0.0482222, 9.83444
7.97, 5.08322, 0.0444288, 9.83355
7.98, 5.08363, 0.0406556, 9.83274
7.99, 5.084, 0.0369038, 9.832
8, 5.08433, 0.0331748, 9.83134
8.01, 5.08463, 0.0294698, 9.83075
8.02, 5.08488, 0.0257901, 9.83023
8.03, 5.08511, 0.0221369, 9.82979
8.04, 5.08529, 0.0185113, 9.82942
8.05, 5.08544, 0.0149146, 9.82912
8.06, 5.08555, 0.0113479, 9.82889
8.07, 5.08563, 0.00781226, 9.82874
8.08, 5.08567, 0.00430891, 9.82865
8.09, 5.08568, 0.000838859, 9.82864
8.1, 5.08566, -0.00259682, 9.82869
8.11, 5.0856, -0.00599711, 9.82881
8.12, 5.0855, -0.009361, 9.82899
8.13, 5.08538, -0.0126875, 9.82925
8.14, 5.08522, -0.0159757, 9.82957
8.15, 5.08502, -0.0192246, 9.82995
8.16, 5.0848, -0.0224333, 9.8304
8.17, 5.08454, -0.0256009, 9.83091
8.18, 5.08426, -0.0287267, 9.83149
8.19, 5.08394, -0.0318096, 9.83212
8.2, 5.08359, -0.0348491, 9.83282
8.21, 5.08321, -0.0378442, 9.83358
8.22, 5.0828, -0.0407942, 9.83439
8.23, 5.08237, -0.0436984, 9.83527
8.24, 5.0819, -0.046556, 9.8362
8.25, 5.08141, -0.0493665, 9.83719
8.26, 5.08089, -0.0521291, 9.83823
8.27, 5.08034, -0.0548433, 9.83933
8.28, 5.07976, -0.0575083, 9.84048
8.29, 5.07916, -0.0601238, 9.84168
8.3, 5.07853, -0.062689, 9.84293
8.31, 5.07788, -0.0652034, 9.84424
8.32, 5.07721, -0.0676667, 9.84559
8.33, 5.0765, -0.0700782, 9.84699
8.34, 5.07578, -0.0724377, 9.84844
8.35, 5.07503, -0.0747445, 9.84993
8.36, 5.07426, -0.0769984, 9.85147
8.37, 5.07347, -0.0791989, 9.85306
8.38, 5.07266, -0.0813457, 9.85469
8.39, 5.07182, -0.0834386, 9.85635
8.4, 5.07097, -0.0854771, 9.85806
8.41, 5.07009, -0.0874611, 9.85981
8.42, 5.0692, -0.0893902, 9.8616
8.43, 5.06829, -0.0912643, 9.86343
8.44, 5.06736, -0.0930832, 9.86529
8.45, 5.06641, -0.0948466, 9.86718
8.46, 5.06544, -0.0965544, 9.86912
8.47, 5.06446, -0.0982066, 9.87108
8.48, 5.06346, -0.0998029, 9.87308
8.49, 5.06245, -0.101343, 9.8751
8.5, 5.06142, -0.102828, 9.87716
8.51, 5.06038, -0.104256, 9.87924
8.52, 5.05932, -0.105629, 9.88136
8.53, 5.05825, -0.106946, 9.8835
8.54, 5.05717, -0.108206, 9.88566
8.55, 5.05608, -0.109411, 9.88785
8.56, 5.05497, -0.11056, 9.89006
8.57, 5.05385, -0.111653, 9.89229
8.58, 5.05273, -0.112691, 9.89455
8.59, 5.05159, -0.113673, 9.89682
8.6, 5.05044, -0.1146, 9.89911
8.61, 5.04929, -0.115472, 9.90142
8.62, 5.04813, -0.116288, 9.90375
8.63, 5.04696, -0.117051, 9.90609
8.64, 5.04578, -0.117758, 9.90844
8.65, 5.04459, -0.118412, 9.91081
8.66, 5.0434, -0.119012, 9.91319
8.67, 5.04221, -0.119558, 9.91558
8.68, 5.04101, -0.12005, 9.91798
8.69, 5.0398, -0.12049, 9.92039
8.7, 5.03859, -0.120877, 9.92281
8.71, 5.03738, -0.121212, 9.92524
8.72, 5.03617, -0.121496, 9.92766
8.73, 5.03495, -0.121727, 9.9301
8.74, 5.03373, -0.121908, 9.93254
8.75, 5.03251, -0.122038, 9.93498
8.76, 5.03129, -0.122118, 9.93742
8.77, 5.03007, -0.122149, 9.93986
8.78, 5.02885, -0.12213, 9.94231
8.79, 5.02763, -0.122063, 9.94475
8.8, 5.02641, -0.121947, 9.94719
8.81, 5.02519, -0.121784, 9.94962
8.82, 5.02397, -0.121573, 9.95205
8.83, 5.02276, -0.121317, 9.95448
8.84, 5.02155, -0.121014, 9.9569
8.85, 5.02034, -0.120666, 9.95931
8.86, 5.01914, -0.120273, 9.96172
8.87, 5.01794, -0.119836, 9.96412
8.88, 5.01675, -0.119355, 9.9665
8.89, 5.01556, -0.118831, 9.96888
8.9, 5.01438, -0.118266, 9.97124
8.91, 5.0132, -0.117658, 9.9736
8.92, 5.01203, -0.117009, 9.97594
8.93, 5.01087, -0.116321, 9.97826
8.94, 5.00971, -0.115592, 9.98058
8.95, 5.00856, -0.114825, 9.98287
8.96, 5.00742, -0.114019, 9.98515
8.97, 5.00629, -0.113176, 9.98742
8.98, 5.00517, -0.112296, 9.98966
8.99, 5.00405, -0.111379, 9.99189
9, 5.00295, -0.110428, 9.9941
9.01, 5.00186, -0.109442, 9.99629
9.02, 5.00077, -0.108421, 9.99846
9.03, 4.9997, -0.107368, 10.0006
9.04, 4.99864, -0.106282, 10.0027
9.05, 4.99758, -0.105165, 10.0048
9.06, 4.99654, -0.104017, 10.0069
9.07, 4.99552, -0.102838, 10.009
9.08, 4.9945, -0.10163, 10.011
9.09, 4.99349, -0.100394, 10.013
9.1, 4.9925, -0.0991299, 10.015
9.11, 4.99153, -0.0978387, 10.0169
9.12, 4.99056, -0.0965213, 10.0189
9.13, 4.98961, -0.0951785, 10.0208
9.14, 4.98867, -0.0938111, 10.0227
9.15, 4.98775, -0.0924198, 10.0245
9.16, 4.98684, -0.0910054, 10.0263
9.17, 4.98594, -0.0895688, 10.0281
9.18, 4.98506, -0.0881107, 10.0299
9.19, 4.98419, -0.086632, 10.0316
9.2, 4.98334, -0.0851334, 10.0333
9.21, 4.98251, -0.0836157, 10.035
9.22, 4.98168, -0.0820797, 10.0366
9.23, 4.98088, -0.0805263, 10.0382
9.24, 4.98009, -0.0789562, 10.0398
9.25, 4.97932, -0.0773703, 10.0414
9.26, 4.97856, -0.0757692, 10.0429
9.27, 4.97782, -0.0741538, 10.0444
9.28, 4.97709, -0.072525, 10.0458
9.29, 4.97638, -0.0708834, 10.0472
9.3, 4.97569, -0.0692299, 10.0486
9.31, 4.97501, -0.0675652, 10.05
9.32, 4.97436, -0.0658901, 10.0513
9.33, 4.97371, -0.0642054, 10.0526
9.34, 4.97309, -0.0625119, 10.0538
9.35, 4.97248, -0.0608104, 10.055
9.36, 4.97189, -0.0591015, 10.0562
9.37, 4.97132, -0.0573861, 10.0574
9.38, 4.97076, -0.0556648, 10.0585
9.39, 4.97022, -0.0539385, 10.0596
9.4, 4.9697, -0.0522079, 10.0606
9.41, 4.96919, -0.0504738, 10.0616
9.42, 4.96871, -0.0487367, 10.0626
9.43, 4.96824, -0.0469976, 10.0635
9.44, 4.96778, -0.045257, 10.0644
9.45, 4.96735, -0.0435158, 10.0653
9.46, 4.96693, -0.0417745, 10.0661
9.47, 4.96653, -0.040034, 10.0669
9.48, 4.96615, -0.0382948, 10.0677
9.49, 4.96578, -0.0365578, 10.0684
9.5, 4.96543, -0.0348234, 10.0691
9.51, 4.9651, -0.0330925, 10.0698
9.52, 4.96479, -0.0313657, 10.0704
9.53, 4.96449, -0.0296435, 10.071
9.54, 4.96421, -0.0279268, 10.0716
9.55, 4.96395, -0.026216, 10.0721
9.56, 4.96371, -0.0245119, 10.0726
9.57, 4.96348, -0.022815, 10.073
9.58, 4.96327, -0.0211259, 10.0735
9.59, 4.96307, -0.0194453, 10.0739
9.6, 4.96289, -0.0177737, 10.0742
9.61, 4.96273, -0.0161117, 10.0745
9.62, 4.96259, -0.0144599, 10.0748
9.63, 4.96246, -0.0128188, 10.0751
9.64, 4.96235, -0.011189, 10.0753
9.65, 4.96225, -0.00957105, 10.0755
9.66, 4.96217, -0.00796543, 10.0757
9.67, 4.96211, -0.00637268, 10.0758
9.68, 4.96206, -0.0047933, 10.0759
9.69, 4.96203, -0.00322781, 10.0759
9.7, 4.96201, -0.00167668, 10.076
9.71, 4.96201, -0.000140385, 10.076
9.72, 4.96202, 0.0013806, 10.076
9.73, 4.96205, 0.00288582, 10.0759
9.74, 4.9621, 0.00437484, 10.0758
9.75, 4.96216, 0.00584721, 10.0757
9.76, 4.96223, 0.00730253, 10.0755
9.77, 4.96232, 0.00874037, 10.0754
9.78, 4.96242, 0.0101603, 10.0752
9.79, 4.96253, 0.011562, 10.0749
9.8, 4.96266, 0.0129451, 10.0747
9.81, 4.96281, 0.0143091, 10.0744
9.82, 4.96296, 0.0156538, 10.0741
9.83, 4.96313, 0.0169788, 10.0737
9.84, 4.96331, 0.0182837, 10.0734
9.85, 4.96351, 0.0195683, 10.073
9.86, 4.96372, 0.0208322, 10.0726
9.87, 4.96394, 0.0220751, 10.0721
9.88, 4.96417, 0.0232968, 10.0717
9.89, 4.96442, 0.0244969, 10.0712
9.9, 4.96467, 0.0256753, 10.0707
9.91, 4.96494, 0.0268316, 10.0701
9.92, 4.96522, 0.0279655, 10.0696
9.93, 4.96551, 0.029077, 10.069
9.94, 4.96581, 0.0301657, 10.0684
9.95, 4.96613, 0.0312315, 10.0677
9.96, 4.96645, 0.0322741, 10.0671
9.97, 4.96678, 0.0332934, 10.0664
9.98, 4.96713, 0.0342891, 10.0657
9.99, 4.96748, 0.0352612, 10.065
10, 4.96784, 0.0362095, 10.0643
10.01, 4.96821, 0.0371338, 10.0636
10.02, 4.96859, 0.038034, 10.0628
10.03, 4.96898, 0.03891, 10.062
10.04, 4.96938, 0.0397616, 10.0612
10.05, 4.96978, 0.0405889, 10.0604
10.06, 4.9702, 0.0413916, 10.0596
10.07, 4.97062, 0.0421698, 10.0588
10.08, 4.97105, 0.0429233, 10.0579
10.09, 4.97149, 0.0436521, 10.057
10.1, 4.97193, 0.0443561, 10.0561
10.11, 4.97238, 0.0450354, 10.0552
10.12, 4.97284, 0.0456898, 10.0543
10.13, 4.9733, 0.0463195, 10.0534
10.14, 4.97377, 0.0469243, 10.0525
10.15, 4.97424, 0.0475043, 10.0515
10.16, 4.97472, 0.0480595, 10.0506
10.17, 4.97521, 0.0485899, 10.0496
10.18, 4.9757, 0.0490956, 10.0486
10.19, 4.9762, 0.0495765, 10.0476
10.2, 4.9767, 0.0500329, 10.0466
10.21, 4.9772, 0.0504646, 10.0456
10.22, 4.97771, 0.0508719, 10.0446
10.23, 4.97822, 0.0512547, 10.0436
10.24, 4.97874, 0.0516133, 10.0425
10.25, 4.97926, 0.0519475, 10.0415
10.26, 4.97978, 0.0522577, 10.0404
10.27, 4.98031, 0.0525438, 10.0394
10.28, 4.98084, 0.0528061, 10.0383
10.29, 4.98137, 0.0530446, 10.0373
10.3, 4.9819, 0.0532596, 10.0362
10.31, 4.98243, 0.053451, 10.0351
10.32, 4.98297, 0.0536192, 10.0341
10.33, 4.98351, 0.0537643, 10.033
10.34, 4.98405, 0.0538864, 10.0319
10.35, 4.98459, 0.0539857, 10.0308
10.36, 4.98513, 0.0540624, 10.0297
10.37, 4.98567, 0.0541167, 10.0287
10.38, 4.98621, 0.0541489, 10.0276
10.39, 4.98675, 0.0541591, 10.0265
10.4, 4.98729, 0.0541475, 10.0254
10.41, 4.98783, 0.0541143, 10.0243
10.42, 4.98837, 0.0540599, 10.0233
10.43, 4.98891, 0.0539843, 10.0222
10.44, 4.98945, 0.053888, 10.0211
10.45, 4.98999, 0.053771, 10.02
10.46, 4.99053, 0.0536337, 10.0189
10.47, 4.99106, 0.0534763, 10.0179
10.48, 4.99159, 0.0532991, 10.0168
10.49, 4.99212, 0.0531023, 10.0158
10.5, 4.99265, 0.0528863, 10.0147
10.51, 4.99318, 0.0526513, 10.0136
10.52, 4.9937, 0.0523976, 10.0126
10.53, 4.99423, 0.0521254, 10.0115
10.54, 4.99474, 0.0518351, 10.0105
10.55, 4.99526, 0.051527, 10.0095
10.56, 4.99577, 0.0512014, 10.0085
10.57, 4.99628, 0.0508585, 10.0074
10.58, 4.99678, 0.0504988, 10.0064
10.59, 4.99729, 0.0501224, 10.0054
10.6, 4.99778, 0.0497297, 10.0044
10.61, 4.99828, 0.0493211, 10.0034
10.62, 4.99877, 0.0488968, 10.0025
10.63, 4.99925, 0.0484572, 10.0015
10.64, 4.99973, 0.0480027, 10.0005
10.65, 5.00021, 0.0475334, 9.99959
10.66, 5.00068, 0.0470499, 9.99865
10.67, 5.00114, 0.0465523, 9.99772
10.68, 5.0016, 0.0460412, 9.9968
10.69, 5.00206, 0.0455167, 9.99589
10.7, 5.00251, 0.0449792, 9.99499
10.71, 5.00295, 0.0444292, 9.9941
10.72, 5.00339, 0.0438668, 9.99322
10.73, 5.00382, 0.0432926, 9.99235
10.74, 5.00425, 0.0427067, 9.9915
10.75, 5.00467, 0.0421097, 9.99066
10.76, 5.00509, 0.0415017, 9.98983
10.77, 5.00549, 0.0408833, 9.98901
10.78, 5.0059, 0.0402547, 9.98821
10.79, 5.00629, 0.0396162, 9.98741
10.8, 5.00668, 0.0389683, 9.98663
10.81, 5.00707, 0.0383113, 9.98587
10.82, 5.00744, 0.0376456, 9.98511
10.83, 5.00781, 0.0369714, 9.98438
10.84, 5.00818, 0.0362892, 9.98365
10.85, 5.00853, 0.0355993, 9.98294
10.86, 5.00888, 0.034902, 9.98224
10.87, 5.00922, 0.0341978, 9.98156
10.88, 5.00956, 0.0334869, 9.98089
10.89, 5.00988, 0.0327698, 9.98023
10.9, 5.01021, 0.0320467, 9.97959
10.91, 5.01052, 0.031318, 9.97896
10.92, 5.01082, 0.0305841, 9.97835
10.93, 5.01112, 0.0298453, 9.97775
10.94, 5.01141, 0.0291019, 9.97717
10.95, 5.0117, 0.0283543, 9.97661
10.96, 5.01197, 0.0276029, 9.97605
10.97, 5.01224, 0.0268479, 9.97552
10.98, 5.0125, 0.0260898, 9.97499
10.99, 5.01276, 0.0253288, 9.97449
11, 5.013, 0.0245652, 9.974
11.01, 5.01324, 0.0237995, 9.97352
11.02, 5.01347, 0.0230319, 9.97306
11.03, 5.01369, 0.0222628, 9.97261
11.04, 5.01391, 0.0214925, 9.97218
11.05, 5.01411, 0.0207213, 9.97177
11.06, 5.01431, 0.0199495, 9.97137
11.07, 5.01451, 0.0191774, 9.97099
11.08, 5.01469, 0.0184054, 9.97062
11.09, 5.01487, 0.0176337, 9.97027
11.1, 5.01504, 0.0168627, 9.96993
11.11, 5.0152, 0.0160927, 9.96961
11.12, 5.01535, 0.0153239, 9.9693
11.13, 5.01549, 0.0145567, 9.96901
11.14, 5.01563, 0.0137914, 9.96873
11.15, 5.01576, 0.0130281, 9.96847
11.16, 5.01589, 0.0122673, 9.96823
11.17, 5.016, 0.0115092, 9.968
11.18, 5.01611, 0.0107541, 9.96778
11.19, 5.01621, 0.0100022, 9.96758
11.2, 5.0163, 0.00925388, 9.9674
11.21, 5.01639, 0.00850931, 9.96723
11.22, 5.01646, 0.00776878, 9.96707
11.23, 5.01653, 0.00703254, 9.96693
11.24, 5.0166, 0.00630086, 9.96681
11.25, 5.01665, 0.00557397, 9.96669
11.26, 5.0167, 0.00485212, 9.9666
11.27, 5.01674, 0.00413555, 9.96651
11.28, 5.01678, 0.00342449, 9.96645
11.29, 5.0168, 0.00271917, 9.96639
11.3, 5.01682, 0.00201982, 9.96635
11.31, 5.01684, 0.00132665, 9.96633
11.32, 5.01684, 0.000639888, 9.96631
11.33, 5.01684, -4.0267e-05, 9.96631
11.34, 5.01684, -0.000713604, 9.96633
11.35, 5.01682, -0.00137992, 9.96635
11.36, 5.0168, -0.00203902, 9.9664
11.37, 5.01678, -0.00269072, 9.96645
11.38, 5.01674, -0.00333482, 9.96652
11.39, 5.0167, -0.00397115, 9.9666
11.4, 5.01666, -0.00459953, 9.96669
11.41, 5.0166, -0.00521978, 9.96679
11.42, 5.01655, -0.00583174, 9.96691
11.43, 5.01648, -0.00643525, 9.96704
11.44, 5.01641, -0.00703015, 9.96718
11.45, 5.01633, -0.00761629, 9.96733
11.46, 5.01625, -0.00819353, 9.96749
11.47, 5.01617, -0.00876171, 9.96767
11.48, 5.01607, -0.0093207, 9.96786
11.49, 5.01597, -0.00987038, 9.96805
11.5, 5.01587, -0.0104106, 9.96826
11.51, 5.01576, -0.0109413, 9.96848
11.52, 5.01565, -0.0114623, 9.96871
11.53, 5.01553, -0.0119735, 9.96895
11.54, 5.0154, -0.0124747, 9.9692
11.55, 5.01527, -0.012966, 9.96946
11.56, 5.01514, -0.0134472, 9.96973
11.57, 5.015, -0.0139182, 9.97001
11.58, 5.01485, -0.0143789, 9.97029
11.59, 5.01471, -0.0148293, 9.97059
11.6, 5.01455, -0.0152692, 9.97089
11.61, 5.0144, -0.0156986, 9.97121
11.62, 5.01423, -0.0161175, 9.97153
11.63, 5.01407, -0.0165257, 9.97186
11.64, 5.0139, -0.0169232, 9.9722
11.65, 5.01373, -0.0173099, 9.97255
11.66, 5.01355, -0.0176859, 9.9729
11.67, 5.01337, -0.0180511, 9.97326
11.68, 5.01319, -0.0184053, 9.97363
11.69, 5.013, -0.0187487, 9.974
11.7, 5.01281, -0.0190811, 9.97439
11.71, 5.01261, -0.0194026, 9.97477
11.72, 5.01242, -0.0197131, 9.97517
11.73, 5.01222, -0.0200126, 9.97557
11.74, 5.01201, -0.0203011, 9.97597
11.75, 5.01181, -0.0205787, 9.97639
11.76, 5.0116, -0.0208451, 9.9768
11.77, 5.01139, -0.0211006, 9.97722
11.78, 5.01117, -0.0213451, 9.97765
11.79, 5.01096, -0.0215787, 9.97808
11.8, 5.01074, -0.0218012, 9.97852
11.81, 5.01052, -0.0220128, 9.97896
11.82, 5.0103, -0.0222135, 9.9794
11.83, 5.01007, -0.0224033, 9.97985
11.84, 5.00985, -0.0225822, 9.9803
11.85, 5.00962, -0.0227503, 9.98076
11.86, 5.00939, -0.0229077, 9.98122
11.87, 5.00916, -0.0230543, 9.98168
11.88, 5.00893, -0.0231902, 9.98214
11.89, 5.0087, -0.0233154, 9.98261
11.9, 5.00846, -0.0234301, 9.98308
11.91, 5.00823, -0.0235343, 9.98355
11.92, 5.00799, -0.023628, 9.98402
11.93, 5.00775, -0.0237113, 9.98449
11.94, 5.00752, -0.0237844, 9.98497
11.95, 5.00728, -0.0238471, 9.98545
11.96, 5.00704, -0.0238997, 9.98592
11.97, 5.0068, -0.0239422, 9.9864
11.98, 5.00656, -0.0239747, 9.98688
11.99, 5.00632, -0.0239973, 9.98736
12, 5.00608, -0.0240101, 9.98784
12.01, 5.00584, -0.0240132, 9.98832
12.02, 5.0056, -0.0240066, 9.9888
12.03, 5.00536, -0.0239904, 9.98928
12.04, 5.00512, -0.0239649, 9.98976
12.05, 5.00488, -0.02393, 9.99024
12.06, 5.00464, -0.0238858, 9.99072
12.07, 5.0044, -0.0238326, 9.9912
12.08, 5.00416, -0.0237704, 9.99167
12.09, 5.00393, -0.0236993, 9.99214
12.1, 5.00369, -0.0236194, 9.99262
12.11, 5.00346, -0.0235308, 9.99309
12.12, 5.00322, -0.0234338, 9.99356
12.13, 5.00299, -0.0233283, 9.99402
12.14, 5.00276, -0.0232146, 9.99449
12.15, 5.00253, -0.0230927, 9.99495
12.16, 5.0023, -0.0229628, 9.99541
12.17, 5.00207, -0.022825, 9.99586
12.18, 5.00184, -0.0226794, 9.99632
12.19, 5.00162, -0.0225263, 9.99677
12.2, 5.00139, -0.0223656, 9.99722
12.21, 5.00117, -0.0221976, 9.99766
12.22, 5.00095, -0.0220224, 9.9981
12.23, 5.00073, -0.0218402, 9.99854
12.24, 5.00051, -0.0216511, 9.99897
12.25, 5.0003, -0.0214551, 9.9994
12.26, 5.00009, -0.0212526, 9.99982
12.27, 4.99988, -0.0210436, 10.0002
12.28, 4.99967, -0.0208282, 10.0007
12.29, 4.99946, -0.0206067, 10.0011
12.3, 4.99926, -0.0203791, 10.0015
12.31, 4.99906, -0.0201457, 10.0019
12.32, 4.99886, -0.0199066, 10.0023
12.33, 4.99866, -0.0196618, 10.0027
12.34, 4.99847, -0.0194117, 10.0031
12.35, 4.99828, -0.0191563, 10.0034
12.36, 4.99809, -0.0188958, 10.0038
12.37, 4.9979, -0.0186303, 10.0042
12.38, 4.99772, -0.01836, 10.0046
12.39, 4.99754, -0.0180851, 10.0049
12.4, 4.99736, -0.0178057, 10.0053
12.41, 4.99718, -0.017522, 10.0056
12.42, 4.99701, -0.0172341, 10.006
12.43, 4.99684, -0.0169422, 10.0063
12.44, 4.99668, -0.0166465, 10.0066
12.45, 4.99651, -0.016347, 10.007
12.46, 4.99635, -0.016044, 10.0073
12.47, 4.99619, -0.0157376, 10.0076
12.48, 4.99604, -0.015428, 10.0079
12.49, 4.99589, -0.0151153, 10.0082
12.5, 4.99574, -0.0147997, 10.0085
12.51, 4.9956, -0.0144813, 10.0088
12.52, 4.99545, -0.0141603, 10.0091
12.53, 4.99532, -0.0138368, 10.0094
12.54, 4.99518, -0.0135111, 10.0096
12.55, 4.99505, -0.0131832, 10.0099
12.56, 4.99492, -0.0128533, 10.0102
12.57, 4.99479, -0.0125216, 10.0104
12.58, 4.99467, -0.0121881, 10.0107
12.59, 4.99455, -0.0118532, 10.0109
12.6, 4.99444, -0.0115168, 10.0111
12.61, 4.99433, -0.0111792, 10.0113
12.62, 4.99422, -0.0108405, 10.0116
12.63, 4.99411, -0.0105009, 10.0118
12.64, 4.99401, -0.0101604, 10.012
12.65, 4.99391, -0.00981934, 10.0122
12.66, 4.99382, -0.00947771, 10.0124
12.67, 4.99373, -0.00913571, 10.0125
12.68, 4.99364, -0.00879348, 10.0127
12.69, 4.99356, -0.00845115, 10.0129
12.7, 4.99347, -0.00810887, 10.0131
12.71, 4.9934, -0.00776676, 10.0132
12.72, 4.99332, -0.00742497, 10.0134
12.73, 4.99325, -0.00708363, 10.0135
12.74, 4.99318, -0.00674286, 10.0136
12.75, 4.99312, -0.00640281, 10.0138
12.76, 4.99306, -0.0060636, 10.0139
12.77, 4.993, -0.00572535, 10.014
12.78, 4.99295, -0.0053882, 10.0141
12.79, 4.9929, -0.00505226, 10.0142
12.8, 4.99285, -0.00471766, 10.0143
12.81, 4.99281, -0.00438452, 10.0144
12.82, 4.99277, -0.00405295, 10.0145
12.83, 4.99273, -0.00372309, 10.0145
12.84, 4.9927, -0.00339503, 10.0146
12.85, 4.99266, -0.00306889, 10.0147
12.86, 4.99264, -0.00274479, 10.0147
12.87, 4.99261, -0.00242283, 10.0148
12.88, 4.99259, -0.00210312, 10.0148
12.89, 4.99257, -0.00178576, 10.0149
12.9, 4.99256, -0.00147087, 10.0149
12.91, 4.99255, -0.00115854, 10.0149
12.92, 4.99254, -0.000848863, 10.0149
12.93, 4.99253, -0.000541946, 10.0149
12.94, 4.99253, -0.000237882, 10.0149
12.95, 4.99253, 6.32366e-05, 10.0149
12.96, 4.99254, 0.000361319, 10.0149
12.97, 4.99254, 0.000656276, 10.0149
12.98, 4.99255, 0.00094802, 10.0149
12.99, 4.99256, 0.00123647, 10.0149
13, 4.99258, 0.00152154, 10.0148
13.01, 4.9926, 0.00180315, 10.0148
13.02, 4.99262, 0.00208122, 10.0148
13.03, 4.99264, 0.00235568, 10.0147
13.04, 4.99267, 0.00262645, 10.0147
13.05, 4.9927, 0.00289347, 10.0146
13.06, 4.99273, 0.00315665, 10.0145
13.07, 4.99276, 0.00341594, 10.0145
13.08, 4.9928, 0.00367128, 10.0144
13.09, 4.99284, 0.00392259, 10.0143
13.1, 4.99288, 0.00416982, 10.0142
13.11, 4.99292, 0.0044129, 10.0142
13.12, 4.99297, 0.0046518, 10.0141
13.13, 4.99302, 0.00488644, 10.014
13.14, 4.99307, 0.00511678, 10.0139
13.15, 4.99312, 0.00534277, 10.0138
13.16, 4.99318, 0.00556437, 10.0136
13.17, 4.99324, 0.00578152, 10.0135
13.18, 4.9933, 0.00599419, 10.0134
13.19, 4.99336, 0.00620233, 10.0133
13.2, 4.99342, 0.00640592, 10.0132
13.21, 4.99349, 0.0066049, 10.013
13.22, 4.99356, 0.00679925, 10.0129
13.23, 4.99363, 0.00698894, 10.0127
13.24, 4.9937, 0.00717394, 10.0126
13.25, 4.99377, 0.00735421, 10.0125
13.26, 4.99385, 0.00752975, 10.0123
13.27, 4.99393, 0.00770051, 10.0121
13.28, 4.994, 0.00786649, 10.012
13.29, 4.99408, 0.00802766, 10.0118
13.3, 4.99417, 0.00818401, 10.0117
13.31, 4.99425, 0.00833552, 10.0115
13.32, 4.99433, 0.00848218, 10.0113
13.33, 4.99442, 0.00862398, 10.0112
13.34, 4.99451, 0.00876092, 10.011
13.35, 4.9946, 0.00889298, 10.0108
13.36, 4.99469, 0.00902016, 10.0106
13.37, 4.99478, 0.00914246, 10.0104
13.38, 4.99487, 0.00925989, 10.0103
13.39, 4.99497, 0.00937243, 10.0101
13.4, 4.99506, 0.0094801, 10.0099
13.41, 4.99516, 0.00958291, 10.0097
13.42, 4.99525, 0.00968085, 10.0095
13.43, 4.99535, 0.00977393, 10.0093
13.44, 4.99545, 0.00986218, 10.0091
13.45, 4.99555, 0.0099456, 10.0089
13.46, 4.99565, 0.0100242, 10.0087
13.47, 4.99575, 0.010098, 10.0085
13.48, 4.99585, 0.0101671, 10.0083
13.49, 4.99595, 0.0102313, 10.0081
13.5, 4.99606, 0.0102909, 10.0079
13.51, 4.99616, 0.0103457, 10.0077
13.52, 4.99626, 0.0103959, 10.0075
13.53, 4.99637, 0.0104413, 10.0073
13.54, 4.99647, 0.0104822, 10.0071
13.55, 4.99658, 0.0105184, 10.0068
13.56, 4.99668, 0.0105501, 10.0066
13.57, 4.99679, 0.0105773, 10.0064
13.58, 4.9969, 0.0105999, 10.0062
13.59, 4.997, 0.0106181, 10.006
13.6, 4.99711, 0.0106318, 10.0058
13.61, 4.99721, 0.0106412, 10.0056
13.62, 4.99732, 0.0106462, 10.0054
13.63, 4.99743, 0.0106469, 10.0051
13.64, 4.99753, 0.0106433, 10.0049
13.65, 4.99764, 0.0106356, 10.0047
13.66, 4.99775, 0.0106236, 10.0045
13.67, 4.99785, 0.0106075, 10.0043
13.68, 4.99796, 0.0105873, 10.0041
13.69, 4.99806, 0.0105631, 10.0039
13.7, 4.99817, 0.0105349, 10.0037
13.71, 4.99827, 0.0105028, 10.0035
13.72, 4.99838, 0.0104668, 10.0032
13.73, 4.99848, 0.0104269, 10.003
13.74, 4.99859, 0.0103833, 10.0028
13.75, 4.99869, 0.010336, 10.0026
13.76, 4.99879, 0.010285, 10.0024
13.77, 4.9989, 0.0102305, 10.0022
13.78, 4.999, 0.0101723, 10.002
13.79, 4.9991, 0.0101107, 10.0018
13.8, 4.9992, 0.0100457, 10.0016
13.81, 4.9993, 0.00997723, 10.0014
13.82, 4.9994, 0.00990551, 10.0012
13.83, 4.9995, 0.00983054, 10.001
13.84, 4.99959, 0.00975239, 10.0008
13.85, 4.99969, 0.00967112, 10.0006
13.86, 4.99979, 0.0095868, 10.0004
13.87, 4.99988, 0.00949948, 10.0002
13.88, 4.99998, 0.00940923, 10
13.89, 5.00007, 0.00931613, 9.99986
13.9, 5.00016, 0.00922023, 9.99968
13.91, 5.00025, 0.0091216, 9.9995
13.92, 5.00034, 0.00902031, 9.99932
13.93, 5.00043, 0.00891642, 9.99914
13.94, 5.00052, 0.00881, 9.99896
13.95, 5.00061, 0.00870113, 9.99879
13.96, 5.00069, 0.00858986, 9.99862
13.97, 5.00078, 0.00847627, 9.99845
13.98, 5.00086, 0.00836043, 9.99828
13.99, 5.00094, 0.0082424, 9.99811
14, 5.00102, 0.00812225, 9.99795
14.01, 5.0011, 0.00800006, 9.99779
14.02, 5.00118, 0.00787588, 9.99763
14.03, 5.00126, 0.0077498, 9.99748
14.04, 5.00134, 0.00762188, 9.99733
14.05, 5.00141, 0.00749219, 9.99718
14.06, 5.00149, 0.0073608, 9.99703
14.07, 5.00156, 0.00722778, 9.99688
14.08, 5.00163, 0.0070932, 9.99674
14.09, 5.0017, 0.00695713, 9.9966
14.1, 5.00177, 0.00681963, 9.99647
14.11, 5.00183, 0.00668079, 9.99633
14.12, 5.0019, 0.00654066, 9.9962
14.13, 5.00196, 0.00639931, 9.99608
14.14, 5.00203, 0.00625682, 9.99595
14.15, 5.00209, 0.00611325, 9.99583
14.16, 5.00215, 0.00596867, 9.99571
14.17, 5.0022, 0.00582315, 9.99559
14.18, 5.00226, 0.00567675, 9.99548
14.19, 5.00232, 0.00552955, 9.99537
14.2, 5.00237, 0.0053816, 9.99526
14.21, 5.00242, 0.00523299, 9.99516
14.22, 5.00247, 0.00508377, 9.99505
14.23, 5.00252, 0.004934, 9.99496
14.24, 5.00257, 0.00478376, 9.99486
14.25, 5.00262, 0.00463311, 9.99477
14.26, 5.00266, 0.00448211, 9.99468
14.27, 5.0027, 0.00433083, 9.99459
14.28, 5.00275, 0.00417933, 9.99451
14.29, 5.00279, 0.00402768, 9.99443
14.3, 5.00283, 0.00387593, 9.99435
14.31, 5.00286, 0.00372414, 9.99427
14.32, 5.0029, 0.00357239, 9.9942
14.33, 5.00293, 0.00342072, 9.99413
14.34, 5.00297, 0.0032692, 9.99407
14.35, 5.003, 0.00311789, 9.99401
14.36, 5.00303, 0.00296684, 9.99395
14.37, 5.00305, 0.00281612, 9.99389
14.38, 5.00308, 0.00266578, 9.99384
14.39, 5.00311, 0.00251588, 9.99379
14.4, 5.00313, 0.00236647, 9.99374
14.41, 5.00315, 0.0022176, 9.9937
14.42, 5.00317, 0.00206934, 9.99365
14.43, 5.00319, 0.00192173, 9.99362
14.44, 5.00321, 0.00177483, 9.99358
14.45, 5.00323, 0.00162869, 9.99355
14.46, 5.00324, 0.00148336, 9.99352
14.47, 5.00325, 0.00133889, 9.99349
14.48, 5.00327, 0.00119533, 9.99347
14.49, 5.00328, 0.00105273, 9.99345
14.5, 5.00329, 0.000911126, 9.99343
14.51, 5.00329, 0.000770578, 9.99341
14.52, 5.0033, 0.000631128, 9.9934
14.53, 5.0033, 0.000492819, 9.99339
14.54, 5.00331, 0.000355697, 9.99338
14.55, 5.00331, 0.000219803, 9.99338
14.56, 5.00331, 8.51809e-05, 9.99338
14.57, 5.00331, -4.81294e-05, 9.99338
14.58, 5.00331, -0.000180087, 9.99338
14.59, 5.00331, -0.000310654, 9.99339
14.6, 5.0033, -0.00043979, 9.9934
14.61, 5.0033, -0.000567459, 9.99341
14.62, 5.00329, -0.000693625, 9.99342
14.63, 5.00328, -0.000818251, 9.99344
14.64, 5.00327, -0.000941304, 9.99346
14.65, 5.00326, -0.00106275, 9.99348
14.66, 5.00325, -0.00118256, 9.9935
14.67, 5.00324, -0.00130069, 9.99353
14.68, 5.00322, -0.00141712, 9.99356
14.69, 5.00321, -0.00153183, 9.99359
14.7, 5.00319, -0.00164477, 9.99362
14.71, 5.00317, -0.00175592, 9.99365
14.72, 5.00315, -0.00186527, 9.99369
14.73, 5.00313, -0.00197277, 9.99373
14.74, 5.00311, -0.00207841, 9.99377
14.75, 5.00309, -0.00218216, 9.99382
14.76, 5.00307, -0.00228399, 9.99386
14.77, 5.00304, -0.0023839, 9.99391
14.78, 5.00302, -0.00248186, 9.99396
14.79, 5.00299, -0.00257784, 9.99401
14.8, 5.00297, -0.00267183, 9.99406
14.81, 5.00294, -0.00276381, 9.99412
14.82, 5.00291, -0.00285377, 9.99418
14.83, 5.00288, -0.00294169, 9.99424
14.84, 5.00285, -0.00302755, 9.9943
14.85, 5.00282, -0.00311134, 9.99436
14.86, 5.00279, -0.00319305, 9.99442
14.87, 5.00276, -0.00327266, 9.99449
14.88, 5.00272, -0.00335017, 9.99456
14.89, 5.00269, -0.00342557, 9.99462
14.9, 5.00265, -0.00349884, 9.99469
14.91, 5.00262, -0.00356997, 9.99477
14.92, 5.00258, -0.00363897, 9.99484
14.93, 5.00254, -0.00370582, 9.99491
14.94, 5.00251, -0.00377053, 9.99499
14.95, 5.00247, -0.00383307, 9.99506
14.96, 5.00243, -0.00389346, 9.99514
14.97, 5.00239, -0.00395169, 9.99522
14.98, 5.00235, -0.00400775, 9.9953
14.99, 5.00231, -0.00406165, 9.99538
15, 5.00227, -0.00411339, 9.99546
15.01, 5.00223, -0.00416296, 9.99555
15.02, 5.00218, -0.00421037, 9.99563
15.03, 5.00214, -0.00425563, 9.99572
15.04, 5.0021, -0.00429873, 9.9958
15.05, 5.00206, -0.00433968, 9.99589
15.06, 5.00201, -0.00437848, 9.99598
15.07, 5.00197, -0.00441514, 9.99607
15.08, 5.00192, -0.00444968, 9.99615
15.09, 5.00188, -0.00448208, 9.99624
15.1, 5.00183, -0.00451237, 9.99633
15.11, 5.00179, -0.00454055, 9.99643
15.12, 5.00174, -0.00456664, 9.99652
15.13, 5.0017, -0.00459063, 9.99661
15.14, 5.00165, -0.00461255, 9.9967
15.15, 5.0016, -0.00463241, 9.99679
15.16, 5.00156, -0.00465021, 9.99689
15.17, 5.00151, -0.00466598, 9.99698
15.18, 5.00146, -0.00467972, 9.99707
15.19, 5.00142, -0.00469145, 9.99717
15.2, 5.00137, -0.00470119, 9.99726
15.21, 5.00132, -0.00470895, 9.99736
15.22, 5.00128, -0.00471475, 9.99745
15.23, 5.00123, -0.00471861, 9.99754
15.24, 5.00118, -0.00472054, 9.99764
15.25, 5.00113, -0.00472056, 9.99773
15.26, 5.00109, -0.0047187, 9.99783
15.27, 5.00104, -0.00471496, 9.99792
15.28, 5.00099, -0.00470938, 9.99802
15.29, 5.00095, -0.00470197, 9.99811
15.3, 5.0009, -0.00469275, 9.9982
15.31, 5.00085, -0.00468174, 9.9983
15.32, 5.0008, -0.00466898, 9.99839
15.33, 5.00076, -0.00465447, 9.99848
15.34, 5.00071, -0.00463825, 9.99858
15.35, 5.00067, -0.00462033, 9.99867
15.36, 5.00062, -0.00460075, 9.99876
15.37, 5.00057, -0.00457952, 9.99885
15.38, 5.00053, -0.00455667, 9.99894
15.39, 5.00048, -0.00453223, 9.99903
15.4, 5.00044, -0.00450622, 9.99912
15.41, 5.00039, -0.00447867, 9.99921
15.42, 5.00035, -0.0044496, 9.9993
15.43, 5.0003, -0.00441904, 9.99939
15.44, 5.00026, -0.00438702, 9.99948
15.45, 5.00022, -0.00435356, 9.99957
15.46, 5.00017, -0.0043187, 9.99965
15.47, 5.00013, -0.00428246, 9.99974
15.48, 5.00009, -0.00424487, 9.99982
15.49, 5.00005, -0.00420595, 9.99991
15.5, 5, -0.00416575, 9.99999
15.51, 4.99996, -0.00412428, 10.0001
15.52, 4.99992, -0.00408157, 10.0002
15.53, 4.99988, -0.00403766, 10.0002
15.54, 4.99984, -0.00399257, 10.0003
15.55, 4.9998, -0.00394634, 10.0004
15.56, 4.99976, -0.00389899, 10.0005
15.57, 4.99973, -0.00385055, 10.0005
15.58, 4.99969, -0.00380106, 10.0006
15.59, 4.99965, -0.00375054, 10.0007
15.6, 4.99961, -0.00369903, 10.0008
15.61, 4.99958, -0.00364655, 10.0008
15.62, 4.99954, -0.00359314, 10.0009
15.63, 4.99951, -0.00353883, 10.001
15.64, 4.99947, -0.00348364, 10.0011
15.65, 4.99944, -0.00342761, 10.0011
15.66, 4.9994, -0.00337078, 10.0012
15.67, 4.99937, -0.00331316, 10.0013
15.68, 4.99934, -0.00325479, 10.0013
15.69, 4.9993, -0.0031957, 10.0014
15.7, 4.99927, -0.00313593, 10.0015
15.71, 4.99924, -0.0030755, 10.0015
15.72, 4.99921, -0.00301444, 10.0016
15.73, 4.99918, -0.00295279, 10.0016
15.74, 4.99915, -0.00289058, 10.0017
15.75, 4.99913, -0.00282783, 10.0017
15.76, 4.9991, -0.00276457, 10.0018
15.77, 4.99907, -0.00270085, 10.0019
15.78, 4.99904, -0.00263668, 10.0019
15.79, 4.99902, -0.0025721, 10.002
15.8, 4.99899, -0.00250713, 10.002
15.81, 4.99897, -0.00244181, 10.0021
15.82, 4.99895, -0.00237617, 10.0021
15.83, 4.99892, -0.00231023, 10.0022
15.84, 4.9989, -0.00224403, 10.0022
15.85, 4.99888, -0.00217759, 10.0022
15.86, 4.99886, -0.00211095, 10.0023
15.87, 4.99884, -0.00204413, 10.0023
15.88, 4.99882, -0.00197716, 10.0024
15.89, 4.9988, -0.00191007, 10.0024
15.9, 4.99878, -0.00184288, 10.0024
15.91, 4.99876, -0.00177563, 10.0025
15.92, 4.99874, -0.00170834, 10.0025
15.93, 4.99873, -0.00164104, 10.0025
15.94, 4.99871, -0.00157376, 10.0026
15.95, 4.9987, -0.00150652, 10.0026
15.96, 4.99868, -0.00143935, 10.0026
15.97, 4.99867, -0.00137228, 10.0027
15.98, 4.99866, -0.00130533, 10.0027
15.99, 4.99864, -0.00123853, 10.0027
16, 4.99863, -0.00117189, 10.0027
16.01, 4.99862, -0.00110546, 10.0028
16.02, 4.99861, -0.00103925, 10.0028
16.03, 4.9986, -0.000973284, 10.0028
16.04, 4.99859, -0.00090759, 10.0028
16.05, 4.99858, -0.000842189, 10.0028
16.06, 4.99858, -0.000777105, 10.0028
16.07, 4.99857, -0.000712361, 10.0029
16.08, 4.99856, -0.00064798, 10.0029
16.09, 4.99856, -0.000583984, 10.0029
16.1, 4.99855, -0.000520393, 10.0029
16.11, 4.99855, -0.000457231, 10.0029
16.12, 4.99854, -0.000394517, 10.0029
16.13, 4.99854, -0.000332273, 10.0029
16.14, 4.99854, -0.000270518, 10.0029
16.15, 4.99853, -0.000209272, 10.0029
16.16, 4.99853, -0.000148556, 10.0029
16.17, 4.99853, -8.83866e-05, 10.0029
16.18, 4.99853, -2.87839e-05, 10.0029
16.19, 4.99853, 3.02343e-05, 10.0029
16.2, 4.99853, 8.86502e-05, 10.0029
16.21, 4.99853, 0.000146446, 10.0029
16.22, 4.99854, 0.000203606, 10.0029
16.23, 4.99854, 0.000260113, 10.0029
16.24, 4.99854, 0.000315951, 10.0029
16.25, 4.99855, 0.000371103, 10.0029
16.26, 4.99855, 0.000425556, 10.0029
16.27, 4.99855, 0.000479294, 10.0029
16.28, 4.99856, 0.000532303, 10.0029
16.29, 4.99857, 0.000584569, 10.0029
16.3, 4.99857, 0.000636079, 10.0029
16.31, 4.99858, 0.000686819, 10.0028
16.32, 4.99859, 0.000736777, 10.0028
16.33, 4.99859, 0.00078594, 10.0028
16.34, 4.9986, 0.000834298, 10.0028
16.35, 4.99861, 0.000881838, 10.0028
16.36, 4.99862, 0.00092855, 10.0028
16.37, 4.99863, 0.000974424, 10.0027
16.38, 4.99864, 0.00101945, 10.0027
16.39, 4.99865, 0.00106362, 10.0027
16.4, 4.99866, 0.00110692, 10.0027
16.41, 4.99867, 0.00114934, 10.0027
16.42, 4.99869, 0.00119088, 10.0026
16.43, 4.9987, 0.00123153, 10.0026
16.44, 4.99871, 0.00127128, 10.0026
16.45, 4.99872, 0.00131012, 10.0026
16.46, 4.99874, 0.00134805, 10.0025
16.47, 4.99875, 0.00138506, 10.0025
16.48, 4.99877, 0.00142115, 10.0025
16.49, 4.99878, 0.00145631, 10.0024
16.5, 4.9988, 0.00149054, 10.0024
16.51, 4.99881, 0.00152382, 10.0024
16.52, 4.99883, 0.00155617, 10.0023
16.53, 4.99884, 0.00158756, 10.0023
16.54, 4.99886, 0.00161801, 10.0023
16.55, 4.99887, 0.00164751, 10.0023
16.56, 4.99889, 0.00167605, 10.0022
16.57, 4.99891, 0.00170364, 10.0022
16.58, 4.99893, 0.00173027, 10.0021
16.59, 4.99894, 0.00175594, 10.0021
16.6, 4.99896, 0.00178066, 10.0021
16.61, 4.99898, 0.00180441, 10.002
16.62, 4.999, 0.0018272, 10.002
16.63, 4.99902, 0.00184904, 10.002
16.64, 4.99903, 0.00186992, 10.0019
16.65, 4.99905, 0.00188984, 10.0019
16.66, 4.99907, 0.0019088, 10.0019
16.67, 4.99909, 0.00192681, 10.0018
16.68, 4.99911, 0.00194387, 10.0018
16.69, 4.99913, 0.00195999, 10.0017
16.7, 4.99915, 0.00197516, 10.0017
16.71, 4.99917, 0.00198938, 10.0017
16.72, 4.99919, 0.00200267, 10.0016
16.73, 4.99921, 0.00201502, 10.0016
16.74, 4.99923, 0.00202645, 10.0015
16.75, 4.99925, 0.00203695, 10.0015
16.76, 4.99927, 0.00204653, 10.0015
16.77, 4.99929, 0.00205519, 10.0014
16.78, 4.99931, 0.00206295, 10.0014
16.79, 4.99933, 0.00206981, 10.0013
16.8, 4.99935, 0.00207576, 10.0013
16.81, 4.99938, 0.00208083, 10.0012
16.82, 4.9994, 0.00208502, 10.0012
16.83, 4.99942, 0.00208832, 10.0012
16.84, 4.99944, 0.00209077, 10.0011
16.85, 4.99946, 0.00209235, 10.0011
16.86, 4.99948, 0.00209307, 10.001
16.87, 4.9995, 0.00209295, 10.001
16.88, 4.99952, 0.002092, 10.001
16.89, 4.99954, 0.00209022, 10.0009
16.9, 4.99956, 0.00208762, 10.0009
16.91, 4.99958, 0.00208421, 10.0008
16.92, 4.9996, 0.00208001, 10.0008
16.93, 4.99963, 0.00207501, 10.0007
16.94, 4.99965, 0.00206923, 10.0007
16.95, 4.99967, 0.00206268, 10.0007
16.96, 4.99969, 0.00205538, 10.0006
16.97, 4.99971, 0.00204732, 10.0006
16.98, 4.99973, 0.00203853, 10.0005
16.99, 4.99975, 0.002029, 10.0005
17, 4.99977, 0.00201877, 10.0005
17.01, 4.99979, 0.00200782, 10.0004
17.02, 4.99981, 0.00199618, 10.0004
17.03, 4.99983, 0.00198387, 10.0003
17.04, 4.99985, 0.00197088, 10.0003
17.05, 4.99987, 0.00195723, 10.0003
17.06, 4.99989, 0.00194293, 10.0002
17.07, 4.99991, 0.001928, 10.0002
17.08, 4.99993, 0.00191245, 10.0001
17.09, 4.99994, 0.00189629, 10.0001
17.1, 4.99996, 0.00187954, 10.0001
17.11, 4.99998, 0.0018622, 10
17.12, 5, 0.00184428, 10
17.13, 5.00002, 0.00182581, 9.99996
17.14, 5.00004, 0.00180679, 9.99993
17.15, 5.00005, 0.00178724, 9.99989
17.16, 5.00007, 0.00176718, 9.99985
17.17, 5.00009, 0.0017466, 9.99982
17.18, 5.00011, 0.00172553, 9.99979
17.19, 5.00012, 0.00170399, 9.99975
17.2, 5.00014, 0.00168197, 9.99972
17.21, 5.00016, 0.00165951, 9.99968
17.22, 5.00017, 0.0016366, 9.99965
17.23, 5.00019, 0.00161327, 9.99962
17.24, 5.00021, 0.00158953, 9.99959
17.25, 5.00022, 0.00156538, 9.99956
17.26, 5.00024, 0.00154086, 9.99953
17.27, 5.00025, 0.00151596, 9.9995
17.28, 5.00027, 0.00149071, 9.99947
17.29, 5.00028, 0.00146511, 9.99944
17.3, 5.0003, 0.00143918, 9.99941
17.31, 5.00031, 0.00141294, 9.99938
17.32, 5.00032, 0.00138639, 9.99935
17.33, 5.00034, 0.00135955, 9.99932
17.34, 5.00035, 0.00133244, 9.9993
17.35, 5.00036, 0.00130507, 9.99927
17.36, 5.00038, 0.00127744, 9.99925
17.37, 5.00039, 0.00124959, 9.99922
17.38, 5.0004, 0.00122151, 9.9992
17.39, 5.00041, 0.00119322, 9.99917
17.4, 5.00043, 0.00116474, 9.99915
17.41, 5.00044, 0.00113608, 9.99913
17.42, 5.00045, 0.00110725, 9.9991
17.43, 5.00046, 0.00107827, 9.99908
17.44, 5.00047, 0.00104914, 9.99906
17.45, 5.00048, 0.00101989, 9.99904
17.46, 5.00049, 0.000990518, 9.99902
17.47, 5.0005, 0.000961046, 9.999
17.48, 5.00051, 0.000931484, 9.99898
17.49, 5.00052, 0.000901846, 9.99897
17.5, 5.00053, 0.000872143, 9.99895
17.51, 5.00053, 0.000842388, 9.99893
17.52, 5.00054, 0.000812594, 9.99892
17.53, 5.00055, 0.000782773, 9.9989
17.54, 5.00056, 0.000752937, 9.99888
17.55, 5.00056, 0.000723098, 9.99887
17.56, 5.00057, 0.000693269, 9.99886
17.57, 5.00058, 0.00066346, 9.99884
17.58, 5.00058, 0.000633684, 9.99883
17.59, 5.00059, 0.000603952, 9.99882
17.6, 5.0006, 0.000574276, 9.99881
17.61, 5.0006, 0.000544667, 9.9988
17.62, 5.00061, 0.000515136, 9.99879
17.63, 5.00061, 0.000485695, 9.99878
17.64, 5.00062, 0.000456354, 9.99877
17.65, 5.00062, 0.000427123, 9.99876
17.66, 5.00062, 0.000398014, 9.99875
17.67, 5.00063, 0.000369037, 9.99874
17.68, 5.00063, 0.000340202, 9.99874
17.69, 5.00064, 0.000311519, 9.99873
17.7, 5.00064, 0.000282999, 9.99872
17.71, 5.00064, 0.00025465, 9.99872
17.72, 5.00064, 0.000226484, 9.99871
17.73, 5.00064, 0.000198508, 9.99871
17.74, 5.00065, 0.000170732, 9.99871
17.75, 5.00065, 0.000143166, 9.9987
17.76, 5.00065, 0.000115819, 9.9987
17.77, 5.00065, 8.86984e-05, 9.9987
17.78, 5.00065, 6.18137e-05, 9.9987
17.79, 5.00065, 3.51732e-05, 9.9987
17.8, 5.00065, 8.78492e-06, 9.9987
17.81, 5.00065, -1.7343e-05, 9.9987
17.82, 5.00065, -4.32026e-05, 9.9987
17.83, 5.00065, -6.87864e-05, 9.9987
17.84, 5.00065, -9.40868e-05, 9.9987
17.85, 5.00065, -0.000119097, 9.9987
17.86, 5.00065, -0.000143809, 9.99871
17.87, 5.00064, -0.000168216, 9.99871
17.88, 5.00064, -0.000192312, 9.99871
17.89, 5.00064, -0.00021609, 9.99872
17.9, 5.00064, -0.000239544, 9.99872
17.91, 5.00064, -0.000262668, 9.99873
17.92, 5.00063, -0.000285455, 9.99874
17.93, 5.00063, -0.0003079, 9.99874
17.94, 5.00063, -0.000329998, 9.99875
17.95, 5.00062, -0.000351743, 9.99875
17.96, 5.00062, -0.000373129, 9.99876
17.97, 5.00061, -0.000394152, 9.99877
17.98, 5.00061, -0.000414808, 9.99878
17.99, 5.00061, -0.000435091, 9.99879
18, 5.0006, -0.000454997, 9.9988
18.01, 5.0006, -0.000474522, 9.99881
18.02, 5.00059, -0.000493662, 9.99882
18.03, 5.00059, -0.000512413, 9.99883
18.04, 5.00058, -0.000530772, 9.99884
18.05, 5.00058, -0.000548735, 9.99885
18.06, 5.00057, -0.000566298, 9.99886
18.07, 5.00056, -0.00058346, 9.99887
18.08, 5.00056, -0.000600216, 9.99888
18.09, 5.00055, -0.000616565, 9.99889
18.1, 5.00055, -0.000632504, 9.99891
18.11, 5.00054, -0.00064803, 9.99892
18.12, 5.00053, -0.000663142, 9.99893
18.13, 5.00053, -0.000677838, 9.99895
18.14, 5.00052, -0.000692115, 9.99896
18.15, 5.00051, -0.000705973, 9.99898
18.16, 5.00051, -0.00071941, 9.99899
18.17, 5.0005, -0.000732424, 9.999
18.18, 5.00049, -0.000745016, 9.99902
18.19, 5.00048, -0.000757184, 9.99903
18.2, 5.00048, -0.000768927, 9.99905
18.21, 5.00047, -0.000780245, 9.99907
18.22, 5.00046, -0.000791138, 9.99908
18.23, 5.00045, -0.000801605, 9.9991
18.24, 5.00044, -0.000811647, 9.99911
18.25, 5.00044, -0.000821264, 9.99913
18.26, 5.00043, -0.000830457, 9.99915
18.27, 5.00042, -0.000839225, 9.99916
18.28, 5.00041, -0.00084757, 9.99918
18.29, 5.0004, -0.000855492, 9.9992
18.3, 5.00039, -0.000862993, 9.99921
18.31, 5.00038, -0.000870074, 9.99923
18.32, 5.00038, -0.000876736, 9.99925
18.33, 5.00037, -0.00088298, 9.99927
18.34, 5.00036, -0.000888809, 9.99928
18.35, 5.00035, -0.000894225, 9.9993
18.36, 5.00034, -0.000899228, 9.99932
18.37, 5.00033, -0.000903822, 9.99934
18.38, 5.00032, -0.000908008, 9.99936
18.39, 5.00031, -0.000911789, 9.99938
18.4, 5.0003, -0.000915167, 9.99939
18.41, 5.00029, -0.000918146, 9.99941
18.42, 5.00028, -0.000920728, 9.99943
18.43, 5.00028, -0.000922915, 9.99945
18.44, 5.00027, -0.000924712, 9.99947
18.45, 5.00026, -0.00092612, 9.99949
18.46, 5.00025, -0.000927145, 9.9995
18.47, 5.00024, -0.000927788, 9.99952
18.48, 5.00023, -0.000928053, 9.99954
18.49, 5.00022, -0.000927945, 9.99956
18.5, 5.00021, -0.000927466, 9.99958
18.51, 5.0002, -0.000926622, 9.9996
18.52, 5.00019, -0.000925415, 9.99962
18.53, 5.00018, -0.00092385, 9.99963
18.54, 5.00017, -0.000921931, 9.99965
18.55, 5.00016, -0.000919662, 9.99967
18.56, 5.00016, -0.000917049, 9.99969
18.57, 5.00015, -0.000914094, 9.99971
18.58, 5.00014, -0.000910804, 9.99973
18.59, 5.00013, -0.000907182, 9.99974
18.6, 5.00012, -0.000903234, 9.99976
18.61, 5.00011, -0.000898963, 9.99978
18.62, 5.0001, -0.000894376, 9.9998
18.63, 5.00009, -0.000889477, 9.99982
18.64, 5.00008, -0.000884271, 9.99983
18.65, 5.00007, -0.000878764, 9.99985
18.66, 5.00007, -0.00087296, 9.99987
18.67, 5.00006, -0.000866865, 9.99989
18.68, 5.00005, -0.000860484, 9.9999
18.69, 5.00004, -0.000853822, 9.99992
18.7, 5.00003, -0.000846886, 9.99994
18.71, 5.00002, -0.000839681, 9.99995
18.72, 5.00001, -0.000832211, 9.99997
18.73, 5.00001, -0.000824484, 9.99999
18.74, 5, -0.000816504, 10
18.75, 4.99999, -0.000808277, 10
18.76, 4.99998, -0.000799809, 10
18.77, 4.99997, -0.000791106, 10.0001
18.78, 4.99997, -0.000782173, 10.0001
18.79, 4.99996, -0.000773017, 10.0001
18.8, 4.99995, -0.000763643, 10.0001
18.81, 4.99994, -0.000754058, 10.0001
18.82, 4.99994, -0.000744266, 10.0001
18.83, 4.99993, -0.000734275, 10.0001
18.84, 4.99992, -0.00072409, 10.0002
18.85, 4.99991, -0.000713718, 10.0002
18.86, 4.99991, -0.000703163, 10.0002
18.87, 4.9999, -0.000692433, 10.0002
18.88, 4.99989, -0.000681533, 10.0002
18.89, 4.99989, -0.00067047, 10.0002
18.9, 4.99988, -0.000659249, 10.0002
18.91, 4.99987, -0.000647876, 10.0003
18.92, 4.99987, -0.000636359, 10.0003
18.93, 4.99986, -0.000624701, 10.0003
18.94, 4.99986, -0.000612911, 10.0003
18.95, 4.99985, -0.000600993, 10.0003
18.96, 4.99984, -0.000588954, 10.0003
18.97, 4.99984, -0.0005768, 10.0003
18.98, 4.99983, -0.000564536, 10.0003
18.99, 4.99983, -0.00055217, 10.0003
19, 4.99982, -0.000539706, 10.0004
19.01, 4.99982, -0.000527151, 10.0004
19.02, 4.99981, -0.00051451, 10.0004
19.03, 4.99981, -0.000501791, 10.0004
19.04, 4.9998, -0.000488997, 10.0004
19.05, 4.9998, -0.000476136, 10.0004
19.06, 4.99979, -0.000463214, 10.0004
19.07, 4.99979, -0.000450235, 10.0004
19.08, 4.99978, -0.000437206, 10.0004
19.09, 4.99978, -0.000424132, 10.0004
19.1, 4.99977, -0.000411019, 10.0005
19.11, 4.99977, -0.000397873, 10.0005
19.12, 4.99977, -0.0003847, 10.0005
19.13, 4.99976, -0.000371504, 10.0005
19.14, 4.99976, -0.000358292, 10.0005
19.15, 4.99976, -0.000345068, 10.0005
19.16, 4.99975, -0.000331839, 10.0005
19.17, 4.99975, -0.000318609, 10.0005
19.18, 4.99975, -0.000305384, 10.0005
19.19, 4.99974, -0.000292169, 10.0005
19.2, 4.99974, -0.000278969, 10.0005
19.21, 4.99974, -0.00026579, 10.0005
19.22, 4.99974, -0.000252636, 10.0005
19.23, 4.99973, -0.000239513, 10.0005
19.24, 4.99973, -0.000226425, 10.0005
19.25, 4.99973, -0.000213378, 10.0005
19.26, 4.99973, -0.000200376, 10.0005
19.27, 4.99972, -0.000187423, 10.0006
19.28, 4.99972, -0.000174525, 10.0006
19.29, 4.99972, -0.000161686, 10.0006
19.3, 4.99972, -0.000148911, 10.0006
19.31, 4.99972, -0.000136204, 10.0006
19.32, 4.99972, -0.00012357, 10.0006
19.33, 4.99972, -0.000111013, 10.0006
19.34, 4.99971, -9.85365e-05, 10.0006
19.35, 4.99971, -8.61456e-05, 10.0006
19.36, 4.99971, -7.38442e-05, 10.0006
19.37, 4.99971, -6.16363e-05, 10.0006
19.38, 4.99971, -4.95258e-05, 10.0006
19.39, 4.99971, -3.75166e-05, 10.0006
19.4, 4.99971, -2.56124e-05, 10.0006
19.41, 4.99971, -1.38171e-05, 10.0006
19.42, 4.99971, -2.13421e-06, 10.0006
19.43, 4.99971, 9.43272e-06, 10.0006
19.44, 4.99971, 2.08802e-05, 10.0006
19.45, 4.99971, 3.22049e-05, 10.0006
19.46, 4.99971, 4.34034e-05, 10.0006
19.47, 4.99971, 5.44726e-05, 10.0006
19.48, 4.99971, 6.54093e-05, 10.0006
19.49, 4.99971, 7.62105e-05, 10.0006
19.5, 4.99972, 8.68731e-05, 10.0006
19.51, 4.99972, 9.73944e-05, 10.0006
19.52, 4.99972, 0.000107772, 10.0006
19.53, 4.99972, 0.000118002, 10.0006
19.54, 4.99972, 0.000128083, 10.0006
19.55, 4.99972, 0.000138011, 10.0006
19.56, 4.99972, 0.000147785, 10.0006
19.57, 4.99972, 0.000157403, 10.0006
19.58, 4.99973, 0.000166861, 10.0005
19.59, 4.99973, 0.000176158, 10.0005
19.6, 4.99973, 0.000185291, 10.0005
19.61, 4.99973, 0.000194259, 10.0005
19.62, 4.99973, 0.00020306, 10.0005
19.63, 4.99974, 0.000211691, 10.0005
19.64, 4.99974, 0.000220152, 10.0005
19.65, 4.99974, 0.00022844, 10.0005
19.66, 4.99974, 0.000236553, 10.0005
19.67, 4.99974, 0.000244491, 10.0005
19.68, 4.99975, 0.000252251, 10.0005
19.69, 4.99975, 0.000259833, 10.0005
19.7, 4.99975, 0.000267236, 10.0005
19.71, 4.99976, 0.000274457, 10.0005
19.72, 4.99976, 0.000281497, 10.0005
19.73, 4.99976, 0.000288353, 10.0005
19.74, 4.99976, 0.000295025, 10.0005
19.75, 4.99977, 0.000301513, 10.0005
19.76, 4.99977, 0.000307815, 10.0005
19.77, 4.99977, 0.000313932, 10.0005
19.78, 4.99978, 0.000319861, 10.0004
19.79, 4.99978, 0.000325603, 10.0004
19.8, 4.99978, 0.000331158, 10.0004
19.81, 4.99979, 0.000336524, 10.0004
19.82, 4.99979, 0.000341702, 10.0004
19.83, 4.99979, 0.000346692, 10.0004
19.84, 4.9998, 0.000351493, 10.0004
19.85, 4.9998, 0.000356106, 10.0004
19.86, 4.9998, 0.00036053, 10.0004
19.87, 4.99981, 0.000364765, 10.0004
19.88, 4.99981, 0.000368813, 10.0004
19.89, 4.99982, 0.000372672, 10.0004
19.9, 4.99982, 0.000376343, 10.0004
19.91, 4.99982, 0.000379828, 10.0004
19.92, 4.99983, 0.000383125, 10.0003
19.93, 4.99983, 0.000386237, 10.0003
19.94, 4.99983, 0.000389163, 10.0003
19.95, 4.99984, 0.000391903, 10.0003
19.96, 4.99984, 0.00039446, 10.0003
19.97, 4.99985, 0.000396833, 10.0003
19.98, 4.99985, 0.000399024, 10.0003
19.99, 4.99985, 0.000401034, 10.0003