========================================
Experiment: PD Controller + Point Mass
========================================

Simulation Parameters
---------------------
Target Position : 10.0 m
Simulation Time : 20.0 s
Time Step (dt) : 0.01 s

Controller
----------
Kp : 2.0
Kd : 2.0

Plant
-----
Mass : 1.0 kg

Observed Results
----------------
- Position slowly converges to target
- Once target is reached, it oscillates around the target as the force approaches 0
- Maximum observed position: 10
- PI control is very stable for point mass

Logs
----
time,position,velocity,controller_output
0, 0, 0, 20
0.01, 0.002, 0.2, 19.596
0.02, 0.0059596, 0.39596, 19.1962
0.03, 0.0118388, 0.587922, 18.8005
0.04, 0.0195981, 0.775926, 18.409
0.05, 0.0291982, 0.960016, 18.0216
0.06, 0.0406006, 1.14023, 17.6383
0.07, 0.0537667, 1.31661, 17.2592
0.08, 0.0686588, 1.48921, 16.8843
0.09, 0.0852393, 1.65805, 16.5134
0.1, 0.103471, 1.82318, 16.1467
0.11, 0.123318, 1.98465, 15.7841
0.12, 0.144743, 2.14249, 15.4255
0.13, 0.16771, 2.29675, 15.0711
0.14, 0.192185, 2.44746, 14.7207
0.15, 0.218131, 2.59467, 14.3744
0.16, 0.245515, 2.73841, 14.0322
0.17, 0.274303, 2.87873, 13.6939
0.18, 0.304459, 3.01567, 13.3597
0.19, 0.335952, 3.14927, 13.0296
0.2, 0.368748, 3.27956, 12.7034
0.21, 0.402814, 3.4066, 12.3812
0.22, 0.438118, 3.53041, 12.0629
0.23, 0.474628, 3.65104, 11.7487
0.24, 0.512313, 3.76852, 11.4383
0.25, 0.551142, 3.88291, 11.1319
0.26, 0.591085, 3.99423, 10.8294
0.27, 0.63211, 4.10252, 10.5307
0.28, 0.674188, 4.20783, 10.236
0.29, 0.71729, 4.31019, 9.94504
0.3, 0.761386, 4.40964, 9.65795
0.31, 0.806449, 4.50622, 9.37467
0.32, 0.852448, 4.59996, 9.09517
0.33, 0.899357, 4.69092, 8.81945
0.34, 0.947149, 4.77911, 8.54748
0.35, 0.995794, 4.86459, 8.27924
0.36, 1.04527, 4.94738, 8.01471
0.37, 1.09554, 5.02752, 7.75386
0.38, 1.14659, 5.10506, 7.49668
0.39, 1.19839, 5.18003, 7.24315
0.4, 1.25092, 5.25246, 6.99324
0.41, 1.30414, 5.32239, 6.74693
0.42, 1.35804, 5.38986, 6.50419
0.43, 1.41259, 5.45491, 6.26501
0.44, 1.46777, 5.51756, 6.02936
0.45, 1.52354, 5.57785, 5.79721
0.46, 1.5799, 5.63582, 5.56855
0.47, 1.63682, 5.69151, 5.34335
0.48, 1.69427, 5.74494, 5.12158
0.49, 1.75223, 5.79616, 4.90323
0.5, 1.81068, 5.84519, 4.68826
0.51, 1.8696, 5.89207, 4.47665
0.52, 1.92897, 5.93684, 4.26839
0.53, 1.98877, 5.97952, 4.06343
0.54, 2.04897, 6.02016, 3.86176
0.55, 2.10955, 6.05877, 3.66334
0.56, 2.17051, 6.09541, 3.46817
0.57, 2.23181, 6.13009, 3.2762
0.58, 2.29344, 6.16285, 3.08742
0.59, 2.35538, 6.19372, 2.9018
0.6, 2.4176, 6.22274, 2.71931
0.61, 2.4801, 6.24994, 2.53992
0.62, 2.54286, 6.27534, 2.36362
0.63, 2.60584, 6.29897, 2.19037
0.64, 2.66905, 6.32087, 2.02014
0.65, 2.73246, 6.34108, 1.85292
0.66, 2.79606, 6.35961, 1.68867
0.67, 2.85983, 6.37649, 1.52736
0.68, 2.92374, 6.39177, 1.36898
0.69, 2.9878, 6.40546, 1.21349
0.7, 3.05197, 6.41759, 1.06087
0.71, 3.11626, 6.4282, 0.91109
0.72, 3.18063, 6.43731, 0.764122
0.73, 3.24508, 6.44495, 0.619941
0.74, 3.30959, 6.45115, 0.478519
0.75, 3.37415, 6.45594, 0.33983
0.76, 3.43874, 6.45933, 0.203847
0.77, 3.50336, 6.46137, 0.0705422
0.78, 3.56798, 6.46208, -0.0601102
0.79, 3.63259, 6.46148, -0.188138
0.8, 3.69719, 6.4596, -0.313567
0.81, 3.76175, 6.45646, -0.436425
0.82, 3.82627, 6.4521, -0.556738
0.83, 3.89074, 6.44653, -0.674534
0.84, 3.95514, 6.43978, -0.789839
0.85, 4.01946, 6.43188, -0.90268
0.86, 4.08368, 6.42286, -1.01308
0.87, 4.14781, 6.41273, -1.12108
0.88, 4.21183, 6.40152, -1.22668
0.89, 4.27572, 6.38925, -1.32994
0.9, 4.33948, 6.37595, -1.43086
0.91, 4.40309, 6.36164, -1.52947
0.92, 4.46656, 6.34635, -1.62581
0.93, 4.52986, 6.33009, -1.7199
0.94, 4.59299, 6.31289, -1.81176
0.95, 4.65594, 6.29477, -1.90142
0.96, 4.71869, 6.27576, -1.9889
0.97, 4.78125, 6.25587, -2.07424
0.98, 4.8436, 6.23513, -2.15746
0.99, 4.90574, 6.21355, -2.23858
1, 4.96765, 6.19117, -2.31763
1.01, 5.02933, 6.16799, -2.39464
1.02, 5.09077, 6.14404, -2.46963
1.03, 5.15196, 6.11935, -2.54262
1.04, 5.2129, 6.09392, -2.61365
1.05, 5.27358, 6.06778, -2.68273
1.06, 5.33399, 6.04096, -2.7499
1.07, 5.39413, 6.01346, -2.81517
1.08, 5.45398, 5.98531, -2.87857
1.09, 5.51354, 5.95652, -2.94013
1.1, 5.57281, 5.92712, -2.99987
1.11, 5.63179, 5.89712, -3.05781
1.12, 5.69045, 5.86654, -3.11399
1.13, 5.74881, 5.8354, -3.16842
1.14, 5.80684, 5.80372, -3.22112
1.15, 5.86456, 5.77151, -3.27213
1.16, 5.92195, 5.73879, -3.32146
1.17, 5.979, 5.70557, -3.36915
1.18, 6.03572, 5.67188, -3.4152
1.19, 6.0921, 5.63773, -3.45965
1.2, 6.14813, 5.60313, -3.50252
1.21, 6.20381, 5.56811, -3.54383
1.22, 6.25914, 5.53267, -3.58361
1.23, 6.3141, 5.49683, -3.62187
1.24, 6.36871, 5.46061, -3.65865
1.25, 6.42295, 5.42403, -3.69396
1.26, 6.47682, 5.38709, -3.72782
1.27, 6.53032, 5.34981, -3.76026
1.28, 6.58344, 5.31221, -3.7913
1.29, 6.63619, 5.27429, -3.82096
1.3, 6.68855, 5.23608, -3.84926
1.31, 6.74052, 5.19759, -3.87623
1.32, 6.79211, 5.15883, -3.90188
1.33, 6.84331, 5.11981, -3.92624
1.34, 6.89411, 5.08055, -3.94932
1.35, 6.94452, 5.04105, -3.97116
1.36, 6.99454, 5.00134, -3.99176
1.37, 7.04415, 4.96143, -4.01115
1.38, 7.09337, 4.92131, -4.02936
1.39, 7.14218, 4.88102, -4.04639
1.4, 7.19058, 4.84056, -4.06227
1.41, 7.23858, 4.79993, -4.07703
1.42, 7.28617, 4.75916, -4.09067
1.43, 7.33335, 4.71826, -4.10322
1.44, 7.38013, 4.67722, -4.1147
1.45, 7.42649, 4.63608, -4.12513
1.46, 7.47244, 4.59483, -4.13452
1.47, 7.51797, 4.55348, -4.1429
1.48, 7.56309, 4.51205, -4.15029
1.49, 7.6078, 4.47055, -4.15669
1.5, 7.65209, 4.42898, -4.16214
1.51, 7.69596, 4.38736, -4.16664
1.52, 7.73942, 4.34569, -4.17022
1.53, 7.78246, 4.30399, -4.1729
1.54, 7.82508, 4.26226, -4.17469
1.55, 7.86728, 4.22052, -4.1756
1.56, 7.90907, 4.17876, -4.17566
1.57, 7.95044, 4.137, -4.17489
1.58, 7.99139, 4.09525, -4.1733
1.59, 8.03193, 4.05352, -4.1709
1.6, 8.07205, 4.01181, -4.16772
1.61, 8.11175, 3.97014, -4.16377
1.62, 8.15103, 3.9285, -4.15906
1.63, 8.1899, 3.88691, -4.15362
1.64, 8.22836, 3.84537, -4.14746
1.65, 8.2664, 3.8039, -4.14059
1.66, 8.30402, 3.76249, -4.13302
1.67, 8.34123, 3.72116, -4.12479
1.68, 8.37803, 3.67991, -4.11589
1.69, 8.41442, 3.63875, -4.10635
1.7, 8.4504, 3.59769, -4.09617
1.71, 8.48596, 3.55673, -4.08538
1.72, 8.52112, 3.51587, -4.07399
1.73, 8.55587, 3.47513, -4.06202
1.74, 8.59022, 3.43451, -4.04947
1.75, 8.62416, 3.39402, -4.03636
1.76, 8.6577, 3.35366, -4.0227
1.77, 8.69083, 3.31343, -4.00852
1.78, 8.72356, 3.27334, -3.99381
1.79, 8.7559, 3.23341, -3.97861
1.8, 8.78783, 3.19362, -3.96291
1.81, 8.81937, 3.15399, -3.94673
1.82, 8.85052, 3.11452, -3.93008
1.83, 8.88127, 3.07522, -3.91299
1.84, 8.91163, 3.03609, -3.89545
1.85, 8.9416, 2.99714, -3.87748
1.86, 8.97119, 2.95836, -3.8591
1.87, 9.00038, 2.91977, -3.84031
1.88, 9.0292, 2.88137, -3.82113
1.89, 9.05763, 2.84316, -3.80158
1.9, 9.08568, 2.80514, -3.78165
1.91, 9.11335, 2.76733, -3.76136
1.92, 9.14065, 2.72971, -3.74073
1.93, 9.16757, 2.6923, -3.71976
1.94, 9.19413, 2.65511, -3.69847
1.95, 9.22031, 2.61812, -3.67686
1.96, 9.24612, 2.58135, -3.65495
1.97, 9.27157, 2.5448, -3.63275
1.98, 9.29665, 2.50848, -3.61026
1.99, 9.32138, 2.47237, -3.5875
2, 9.34574, 2.4365, -3.56448
2.01, 9.36975, 2.40085, -3.54121
2.02, 9.39341, 2.36544, -3.51769
2.03, 9.41671, 2.33027, -3.49395
2.04, 9.43966, 2.29533, -3.46997
2.05, 9.46227, 2.26063, -3.44579
2.06, 9.48453, 2.22617, -3.42139
2.07, 9.50645, 2.19195, -3.39681
2.08, 9.52803, 2.15799, -3.37203
2.09, 9.54927, 2.12427, -3.34707
2.1, 9.57018, 2.0908, -3.32195
2.11, 9.59075, 2.05758, -3.29666
2.12, 9.611, 2.02461, -3.27122
2.13, 9.63092, 1.9919, -3.24563
2.14, 9.65051, 1.95944, -3.21991
2.15, 9.66979, 1.92724, -3.19406
2.16, 9.68874, 1.8953, -3.16808
2.17, 9.70738, 1.86362, -3.14199
2.18, 9.7257, 1.8322, -3.1158
2.19, 9.74371, 1.80104, -3.0895
2.2, 9.76141, 1.77015, -3.06311
2.21, 9.7788, 1.73952, -3.03664
2.22, 9.7959, 1.70915, -3.01009
2.23, 9.81269, 1.67905, -2.98347
2.24, 9.82918, 1.64921, -2.95679
2.25, 9.84538, 1.61965, -2.93004
2.26, 9.86128, 1.59035, -2.90325
2.27, 9.87689, 1.56131, -2.87641
2.28, 9.89222, 1.53255, -2.84953
2.29, 9.90726, 1.50405, -2.82262
2.3, 9.92202, 1.47583, -2.79569
2.31, 9.9365, 1.44787, -2.76873
2.32, 9.9507, 1.42018, -2.74176
2.33, 9.96462, 1.39277, -2.71478
2.34, 9.97828, 1.36562, -2.6878
2.35, 9.99167, 1.33874, -2.66082
2.36, 10.0048, 1.31213, -2.63384
2.37, 10.0176, 1.28579, -2.60688
2.38, 10.0302, 1.25972, -2.57994
2.39, 10.0426, 1.23393, -2.55302
2.4, 10.0547, 1.2084, -2.52613
2.41, 10.0665, 1.18313, -2.49927
2.42, 10.0781, 1.15814, -2.47244
2.43, 10.0894, 1.13342, -2.44566
2.44, 10.1005, 1.10896, -2.41893
2.45, 10.1114, 1.08477, -2.39225
2.46, 10.122, 1.06085, -2.36562
2.47, 10.1323, 1.03719, -2.33905
2.48, 10.1425, 1.0138, -2.31254
2.49, 10.1524, 0.990676, -2.28611
2.5, 10.1621, 0.967815, -2.25974
2.51, 10.1715, 0.945218, -2.23345
2.52, 10.1807, 0.922883, -2.20724
2.53, 10.1897, 0.900811, -2.18111
2.54, 10.1985, 0.879, -2.15507
2.55, 10.2071, 0.857449, -2.12912
2.56, 10.2155, 0.836158, -2.10326
2.57, 10.2236, 0.815125, -2.07749
2.58, 10.2316, 0.79435, -2.05183
2.59, 10.2393, 0.773832, -2.02627
2.6, 10.2468, 0.753569, -2.00082
2.61, 10.2542, 0.733561, -1.97547
2.62, 10.2613, 0.713807, -1.95024
2.63, 10.2683, 0.694304, -1.92512
2.64, 10.275, 0.675053, -1.90012
2.65, 10.2816, 0.656052, -1.87524
2.66, 10.2879, 0.637299, -1.85048
2.67, 10.2941, 0.618795, -1.82585
2.68, 10.3001, 0.600536, -1.80134
2.69, 10.306, 0.582523, -1.77696
2.7, 10.3116, 0.564753, -1.75272
2.71, 10.3171, 0.547226, -1.72861
2.72, 10.3224, 0.52994, -1.70464
2.73, 10.3275, 0.512893, -1.6808
2.74, 10.3325, 0.496085, -1.65711
2.75, 10.3373, 0.479514, -1.63355
2.76, 10.3419, 0.463179, -1.61015
2.77, 10.3464, 0.447077, -1.58689
2.78, 10.3507, 0.431209, -1.56377
2.79, 10.3548, 0.415571, -1.54081
2.8, 10.3588, 0.400163, -1.51799
2.81, 10.3627, 0.384983, -1.49533
2.82, 10.3664, 0.370029, -1.47283
2.83, 10.3699, 0.355301, -1.45048
2.84, 10.3733, 0.340796, -1.42828
2.85, 10.3766, 0.326514, -1.40625
2.86, 10.3797, 0.312451, -1.38437
2.87, 10.3827, 0.298607, -1.36266
2.88, 10.3856, 0.284981, -1.3411
2.89, 10.3883, 0.27157, -1.31971
2.9, 10.3909, 0.258373, -1.29849
2.91, 10.3933, 0.245388, -1.27742
2.92, 10.3957, 0.232613, -1.25653
2.93, 10.3979, 0.220048, -1.2358
2.94, 10.3999, 0.20769, -1.21524
2.95, 10.4019, 0.195538, -1.19484
2.96, 10.4037, 0.183589, -1.17462
2.97, 10.4054, 0.171843, -1.15456
2.98, 10.407, 0.160298, -1.13468
2.99, 10.4085, 0.148951, -1.11496
3, 10.4099, 0.137801, -1.09542
3.01, 10.4112, 0.126847, -1.07605
3.02, 10.4123, 0.116087, -1.05685
3.03, 10.4134, 0.105518, -1.03782
3.04, 10.4143, 0.0951398, -1.01897
3.05, 10.4152, 0.0849501, -1.00029
3.06, 10.4159, 0.0749473, -0.981781
3.07, 10.4166, 0.0651294, -0.963448
3.08, 10.4171, 0.055495, -0.945289
3.09, 10.4176, 0.0460421, -0.927304
3.1, 10.418, 0.036769, -0.909493
3.11, 10.4183, 0.0276741, -0.891857
3.12, 10.4184, 0.0187555, -0.874395
3.13, 10.4185, 0.0100116, -0.857107
3.14, 10.4186, 0.00144052, -0.839994
3.15, 10.4185, -0.00695942, -0.823055
3.16, 10.4183, -0.01519, -0.80629
3.17, 10.4181, -0.0232529, -0.789699
3.18, 10.4178, -0.0311499, -0.773282
3.19, 10.4174, -0.0388827, -0.757039
3.2, 10.4169, -0.0464531, -0.740969
3.21, 10.4164, -0.0538628, -0.725072
3.22, 10.4158, -0.0611135, -0.709349
3.23, 10.4151, -0.068207, -0.693798
3.24, 10.4144, -0.0751449, -0.678419
3.25, 10.4135, -0.0819291, -0.663212
3.26, 10.4126, -0.0885612, -0.648176
3.27, 10.4117, -0.095043, -0.633312
3.28, 10.4107, -0.101376, -0.618618
3.29, 10.4096, -0.107562, -0.604094
3.3, 10.4085, -0.113603, -0.589741
3.31, 10.4073, -0.119501, -0.575556
3.32, 10.406, -0.125256, -0.561539
3.33, 10.4047, -0.130872, -0.547691
3.34, 10.4034, -0.136349, -0.53401
3.35, 10.4019, -0.141689, -0.520496
3.36, 10.4005, -0.146894, -0.507149
3.37, 10.3989, -0.151965, -0.493966
3.38, 10.3974, -0.156905, -0.480949
3.39, 10.3958, -0.161714, -0.468096
3.4, 10.3941, -0.166395, -0.455406
3.41, 10.3924, -0.170949, -0.442879
3.42, 10.3906, -0.175378, -0.430514
3.43, 10.3888, -0.179683, -0.41831
3.44, 10.387, -0.183866, -0.406266
3.45, 10.3851, -0.187929, -0.394382
3.46, 10.3832, -0.191873, -0.382657
3.47, 10.3812, -0.195699, -0.37109
3.48, 10.3793, -0.19941, -0.35968
3.49, 10.3772, -0.203007, -0.348426
3.5, 10.3752, -0.206491, -0.337328
3.51, 10.3731, -0.209865, -0.326384
3.52, 10.3709, -0.213128, -0.315594
3.53, 10.3688, -0.216284, -0.304956
3.54, 10.3666, -0.219334, -0.29447
3.55, 10.3643, -0.222279, -0.284136
3.56, 10.3621, -0.22512, -0.27395
3.57, 10.3598, -0.227859, -0.263914
3.58, 10.3575, -0.230499, -0.254026
3.59, 10.3552, -0.233039, -0.244285
3.6, 10.3528, -0.235482, -0.234689
3.61, 10.3504, -0.237829, -0.225239
3.62, 10.348, -0.240081, -0.215933
3.63, 10.3456, -0.24224, -0.206769
3.64, 10.3432, -0.244308, -0.197748
3.65, 10.3407, -0.246286, -0.188867
3.66, 10.3382, -0.248174, -0.180126
3.67, 10.3357, -0.249975, -0.171524
3.68, 10.3332, -0.251691, -0.16306
3.69, 10.3307, -0.253321, -0.154732
3.7, 10.3281, -0.254869, -0.14654
3.71, 10.3256, -0.256334, -0.138483
3.72, 10.323, -0.257719, -0.130559
3.73, 10.3204, -0.259024, -0.122767
3.74, 10.3178, -0.260252, -0.115107
3.75, 10.3152, -0.261403, -0.107576
3.76, 10.3126, -0.262479, -0.100175
3.77, 10.3099, -0.263481, -0.0929021
3.78, 10.3073, -0.26441, -0.0857559
3.79, 10.3046, -0.265267, -0.0787354
3.8, 10.302, -0.266055, -0.0718396
3.81, 10.2993, -0.266773, -0.0650674
3.82, 10.2966, -0.267424, -0.0584176
3.83, 10.294, -0.268008, -0.0518891
3.84, 10.2913, -0.268527, -0.0454808
3.85, 10.2886, -0.268982, -0.0391915
3.86, 10.2859, -0.269373, -0.0330202
3.87, 10.2832, -0.269704, -0.0269657
3.88, 10.2805, -0.269973, -0.0210269
3.89, 10.2778, -0.270184, -0.0152027
3.9, 10.2751, -0.270336, -0.00949197
3.91, 10.2724, -0.270431, -0.00389352
3.92, 10.2697, -0.270469, 0.00159374
3.93, 10.267, -0.270454, 0.00697093
3.94, 10.2643, -0.270384, 0.0122392
3.95, 10.2616, -0.270261, 0.0173996
3.96, 10.2589, -0.270087, 0.0224534
3.97, 10.2562, -0.269863, 0.0274016
3.98, 10.2535, -0.269589, 0.0322453
3.99, 10.2508, -0.269266, 0.0369858
4, 10.2481, -0.268897, 0.041624
4.01, 10.2454, -0.26848, 0.0461611
4.02, 10.2427, -0.268019, 0.0505982
4.03, 10.24, -0.267513, 0.0549365
4.04, 10.2374, -0.266963, 0.0591771
4.05, 10.2347, -0.266372, 0.063321
4.06, 10.2321, -0.265738, 0.0673693
4.07, 10.2294, -0.265065, 0.0713232
4.08, 10.2268, -0.264351, 0.0751838
4.09, 10.2241, -0.2636, 0.0789521
4.1, 10.2215, -0.26281, 0.0826293
4.11, 10.2189, -0.261984, 0.0862164
4.12, 10.2163, -0.261122, 0.0897145
4.13, 10.2137, -0.260225, 0.0931247
4.14, 10.2111, -0.259293, 0.096448
4.15, 10.2085, -0.258329, 0.0996856
4.16, 10.2059, -0.257332, 0.102839
4.17, 10.2033, -0.256304, 0.105908
4.18, 10.2008, -0.255244, 0.108895
4.19, 10.1983, -0.254156, 0.1118
4.2, 10.1957, -0.253038, 0.114625
4.21, 10.1932, -0.251891, 0.11737
4.22, 10.1907, -0.250718, 0.120037
4.23, 10.1882, -0.249517, 0.122626
4.24, 10.1857, -0.248291, 0.12514
4.25, 10.1833, -0.24704, 0.127578
4.26, 10.1808, -0.245764, 0.129941
4.27, 10.1783, -0.244464, 0.132232
4.28, 10.1759, -0.243142, 0.13445
4.29, 10.1735, -0.241798, 0.136597
4.3, 10.1711, -0.240432, 0.138674
4.31, 10.1687, -0.239045, 0.140681
4.32, 10.1663, -0.237638, 0.14262
4.33, 10.164, -0.236212, 0.144492
4.34, 10.1616, -0.234767, 0.146298
4.35, 10.1593, -0.233304, 0.148038
4.36, 10.157, -0.231824, 0.149713
4.37, 10.1547, -0.230326, 0.151326
4.38, 10.1524, -0.228813, 0.152875
4.39, 10.1501, -0.227284, 0.154364
4.4, 10.1478, -0.225741, 0.155791
4.41, 10.1456, -0.224183, 0.157159
4.42, 10.1434, -0.222611, 0.158468
4.43, 10.1412, -0.221027, 0.159719
4.44, 10.139, -0.219429, 0.160913
4.45, 10.1368, -0.21782, 0.162052
4.46, 10.1346, -0.2162, 0.163135
4.47, 10.1325, -0.214568, 0.164163
4.48, 10.1304, -0.212927, 0.165139
4.49, 10.1282, -0.211275, 0.166061
4.5, 10.1261, -0.209615, 0.166932
4.51, 10.1241, -0.207945, 0.167753
4.52, 10.122, -0.206268, 0.168523
4.53, 10.12, -0.204583, 0.169244
4.54, 10.1179, -0.20289, 0.169917
4.55, 10.1159, -0.201191, 0.170542
4.56, 10.1139, -0.199486, 0.171121
4.57, 10.1119, -0.197774, 0.171654
4.58, 10.11, -0.196058, 0.172142
4.59, 10.108, -0.194336, 0.172586
4.6, 10.1061, -0.192611, 0.172987
4.61, 10.1042, -0.190881, 0.173345
4.62, 10.1023, -0.189147, 0.173661
4.63, 10.1004, -0.187411, 0.173936
4.64, 10.0986, -0.185671, 0.17417
4.65, 10.0967, -0.18393, 0.174366
4.66, 10.0949, -0.182186, 0.174522
4.67, 10.0931, -0.180441, 0.17464
4.68, 10.0913, -0.178694, 0.174722
4.69, 10.0896, -0.176947, 0.174766
4.7, 10.0878, -0.175199, 0.174775
4.71, 10.0861, -0.173452, 0.174748
4.72, 10.0844, -0.171704, 0.174687
4.73, 10.0827, -0.169957, 0.174593
4.74, 10.081, -0.168211, 0.174465
4.75, 10.0793, -0.166467, 0.174305
4.76, 10.0777, -0.164724, 0.174114
4.77, 10.076, -0.162983, 0.173891
4.78, 10.0744, -0.161244, 0.173638
4.79, 10.0728, -0.159507, 0.173355
4.8, 10.0713, -0.157774, 0.173044
4.81, 10.0697, -0.156043, 0.172704
4.82, 10.0681, -0.154316, 0.172336
4.83, 10.0666, -0.152593, 0.171941
4.84, 10.0651, -0.150873, 0.17152
4.85, 10.0636, -0.149158, 0.171073
4.86, 10.0621, -0.147448, 0.1706
4.87, 10.0607, -0.145742, 0.170103
4.88, 10.0592, -0.144041, 0.169582
4.89, 10.0578, -0.142345, 0.169037
4.9, 10.0564, -0.140654, 0.168469
4.91, 10.055, -0.13897, 0.167879
4.92, 10.0537, -0.137291, 0.167267
4.93, 10.0523, -0.135618, 0.166634
4.94, 10.051, -0.133952, 0.165981
4.95, 10.0496, -0.132292, 0.165307
4.96, 10.0483, -0.130639, 0.164614
4.97, 10.047, -0.128993, 0.163901
4.98, 10.0458, -0.127354, 0.16317
4.99, 10.0445, -0.125722, 0.162421
5, 10.0433, -0.124098, 0.161655
5.01, 10.042, -0.122481, 0.160871
5.02, 10.0408, -0.120873, 0.160071
5.03, 10.0396, -0.119272, 0.159255
5.04, 10.0385, -0.117679, 0.158424
5.05, 10.0373, -0.116095, 0.157577
5.06, 10.0362, -0.114519, 0.156716
5.07, 10.035, -0.112952, 0.155841
5.08, 10.0339, -0.111394, 0.154952
5.09, 10.0328, -0.109844, 0.15405
5.1, 10.0317, -0.108304, 0.153135
5.11, 10.0307, -0.106772, 0.152208
5.12, 10.0296, -0.10525, 0.151268
5.13, 10.0286, -0.103738, 0.150318
5.14, 10.0276, -0.102234, 0.149356
5.15, 10.0265, -0.100741, 0.148384
5.16, 10.0256, -0.0992571, 0.147401
5.17, 10.0246, -0.0977831, 0.146409
5.18, 10.0236, -0.096319, 0.145407
5.19, 10.0227, -0.0948649, 0.144396
5.2, 10.0217, -0.0934209, 0.143377
5.21, 10.0208, -0.0919872, 0.142349
5.22, 10.0199, -0.0905637, 0.141313
5.23, 10.019, -0.0891505, 0.14027
5.24, 10.0181, -0.0877478, 0.13922
5.25, 10.0173, -0.0863556, 0.138162
5.26, 10.0164, -0.084974, 0.137099
5.27, 10.0156, -0.083603, 0.136029
5.28, 10.0148, -0.0822427, 0.134953
5.29, 10.014, -0.0808932, 0.133872
5.3, 10.0132, -0.0795545, 0.132785
5.31, 10.0124, -0.0782266, 0.131694
5.32, 10.0116, -0.0769097, 0.130599
5.33, 10.0109, -0.0756037, 0.129499
5.34, 10.0101, -0.0743087, 0.128395
5.35, 10.0094, -0.0730248, 0.127287
5.36, 10.0087, -0.0717519, 0.126177
5.37, 10.008, -0.0704901, 0.125063
5.38, 10.0073, -0.0692395, 0.123947
5.39, 10.0066, -0.068, 0.122828
5.4, 10.0059, -0.0667718, 0.121707
5.41, 10.0053, -0.0655547, 0.120583
5.42, 10.0046, -0.0643489, 0.119459
5.43, 10.004, -0.0631543, 0.118333
5.44, 10.0034, -0.061971, 0.117205
5.45, 10.0028, -0.0607989, 0.116077
5.46, 10.0022, -0.0596381, 0.114949
5.47, 10.0016, -0.0584886, 0.113819
5.48, 10.001, -0.0573504, 0.11269
5.49, 10.0004, -0.0562235, 0.111561
5.5, 9.99989, -0.0551079, 0.110432
5.51, 9.99935, -0.0540036, 0.109303
5.52, 9.99882, -0.0529106, 0.108175
5.53, 9.9983, -0.0518288, 0.107048
5.54, 9.9978, -0.0507584, 0.105922
5.55, 9.9973, -0.0496991, 0.104798
5.56, 9.99681, -0.0486512, 0.103675
5.57, 9.99634, -0.0476144, 0.102554
5.58, 9.99587, -0.0465889, 0.101435
5.59, 9.99542, -0.0455745, 0.100317
5.6, 9.99497, -0.0445713, 0.0992024
5.61, 9.99453, -0.0435793, 0.0980899
5.62, 9.99411, -0.0425984, 0.0969801
5.63, 9.99369, -0.0416286, 0.0958731
5.64, 9.99329, -0.0406699, 0.094769
5.65, 9.99289, -0.0397222, 0.0936681
5.66, 9.9925, -0.0387855, 0.0925704
5.67, 9.99212, -0.0378598, 0.0914762
5.68, 9.99175, -0.0369451, 0.0903856
5.69, 9.99139, -0.0360412, 0.0892987
5.7, 9.99104, -0.0351482, 0.0882157
5.71, 9.9907, -0.0342661, 0.0871367
5.72, 9.99036, -0.0333947, 0.0860619
5.73, 9.99004, -0.0325341, 0.0849913
5.74, 9.98972, -0.0316842, 0.0839252
5.75, 9.98941, -0.0308449, 0.0828636
5.76, 9.98911, -0.0300163, 0.0818066
5.77, 9.98882, -0.0291982, 0.0807545
5.78, 9.98854, -0.0283907, 0.0797072
5.79, 9.98826, -0.0275936, 0.0786649
5.8, 9.98799, -0.0268069, 0.0776277
5.81, 9.98773, -0.0260307, 0.0765958
5.82, 9.98748, -0.0252647, 0.0755692
5.83, 9.98724, -0.024509, 0.074548
5.84, 9.987, -0.0237635, 0.0735323
5.85, 9.98677, -0.0230282, 0.0725222
5.86, 9.98654, -0.022303, 0.0715178
5.87, 9.98633, -0.0215878, 0.0705192
5.88, 9.98612, -0.0208826, 0.0695265
5.89, 9.98592, -0.0201874, 0.0685397
5.9, 9.98572, -0.019502, 0.067559
5.91, 9.98553, -0.0188264, 0.0665843
5.92, 9.98535, -0.0181605, 0.0656158
5.93, 9.98518, -0.0175044, 0.0646536
5.94, 9.98501, -0.0168578, 0.0636977
5.95, 9.98485, -0.0162209, 0.0627481
5.96, 9.98469, -0.0155934, 0.061805
5.97, 9.98454, -0.0149753, 0.0608685
5.98, 9.9844, -0.0143666, 0.0599384
5.99, 9.98426, -0.0137672, 0.059015
6, 9.98413, -0.0131771, 0.0580982
6.01, 9.984, -0.0125961, 0.0571882
6.02, 9.98388, -0.0120242, 0.0562849
6.03, 9.98377, -0.0114614, 0.0553884
6.04, 9.98366, -0.0109075, 0.0544988
6.05, 9.98355, -0.0103625, 0.0536161
6.06, 9.98346, -0.00982635, 0.0527403
6.07, 9.98336, -0.00929895, 0.0518715
6.08, 9.98328, -0.00878024, 0.0510097
6.09, 9.98319, -0.00827014, 0.0501549
6.1, 9.98312, -0.00776859, 0.0493071
6.11, 9.98304, -0.00727552, 0.0484665
6.12, 9.98297, -0.00679085, 0.047633
6.13, 9.98291, -0.00631452, 0.0468066
6.14, 9.98285, -0.00584646, 0.0459874
6.15, 9.9828, -0.00538658, 0.0451754
6.16, 9.98275, -0.00493483, 0.0443706
6.17, 9.9827, -0.00449112, 0.043573
6.18, 9.98266, -0.00405539, 0.0427826
6.19, 9.98263, -0.00362757, 0.0419995
6.2, 9.9826, -0.00320757, 0.0412237
6.21, 9.98257, -0.00279533, 0.0404551
6.22, 9.98254, -0.00239078, 0.0396939
6.23, 9.98252, -0.00199384, 0.0389399
6.24, 9.98251, -0.00160445, 0.0381931
6.25, 9.9825, -0.00122251, 0.0374537
6.26, 9.98249, -0.000847977, 0.0367216
6.27, 9.98248, -0.000480761, 0.0359968
6.28, 9.98248, -0.000120793, 0.0352793
6.29, 9.98248, 0.000232, 0.0345691
6.3, 9.98249, 0.00057769, 0.0338661
6.31, 9.9825, 0.000916352, 0.0331705
6.32, 9.98251, 0.00124806, 0.0324821
6.33, 9.98253, 0.00157288, 0.031801
6.34, 9.98255, 0.00189089, 0.0311272
6.35, 9.98257, 0.00220216, 0.0304606
6.36, 9.98259, 0.00250676, 0.0298012
6.37, 9.98262, 0.00280478, 0.0291491
6.38, 9.98265, 0.00309627, 0.0285042
6.39, 9.98269, 0.00338131, 0.0278665
6.4, 9.98272, 0.00365997, 0.027236
6.41, 9.98276, 0.00393233, 0.0266126
6.42, 9.9828, 0.00419846, 0.0259964
6.43, 9.98285, 0.00445842, 0.0253873
6.44, 9.9829, 0.0047123, 0.0247853
6.45, 9.98294, 0.00496015, 0.0241904
6.46, 9.983, 0.00520205, 0.0236025
6.47, 9.98305, 0.00543808, 0.0230217
6.48, 9.98311, 0.0056683, 0.0224479
6.49, 9.98317, 0.00589278, 0.0218811
6.5, 9.98323, 0.00611159, 0.0213212
6.51, 9.98329, 0.0063248, 0.0207683
6.52, 9.98336, 0.00653248, 0.0202223
6.53, 9.98342, 0.00673471, 0.0196832
6.54, 9.98349, 0.00693154, 0.0191509
6.55, 9.98356, 0.00712305, 0.0186254
6.56, 9.98364, 0.0073093, 0.0181067
6.57, 9.98371, 0.00749037, 0.0175948
6.58, 9.98379, 0.00766631, 0.0170895
6.59, 9.98387, 0.00783721, 0.016591
6.6, 9.98395, 0.00800312, 0.0160991
6.61, 9.98403, 0.00816411, 0.0156139
6.62, 9.98411, 0.00832025, 0.0151352
6.63, 9.9842, 0.0084716, 0.014663
6.64, 9.98428, 0.00861823, 0.0141974
6.65, 9.98437, 0.00876021, 0.0137383
6.66, 9.98446, 0.00889759, 0.0132855
6.67, 9.98455, 0.00903044, 0.0128392
6.68, 9.98464, 0.00915884, 0.0123993
6.69, 9.98473, 0.00928283, 0.0119656
6.7, 9.98483, 0.00940249, 0.0115383
6.71, 9.98492, 0.00951787, 0.0111171
6.72, 9.98502, 0.00962904, 0.0107022
6.73, 9.98512, 0.00973606, 0.0102935
6.74, 9.98522, 0.009839, 0.0098908
6.75, 9.98531, 0.0099379, 0.00949423
6.76, 9.98542, 0.0100328, 0.00910369
6.77, 9.98552, 0.0101239, 0.00871913
6.78, 9.98562, 0.0102111, 0.00834053
6.79, 9.98572, 0.0102945, 0.00796783
6.8, 9.98583, 0.0103742, 0.00760099
6.81, 9.98593, 0.0104502, 0.00723997
6.82, 9.98604, 0.0105226, 0.00688472
6.83, 9.98614, 0.0105914, 0.00653519
6.84, 9.98625, 0.0106568, 0.00619135
6.85, 9.98635, 0.0107187, 0.00585315
6.86, 9.98646, 0.0107772, 0.00552055
6.87, 9.98657, 0.0108324, 0.00519349
6.88, 9.98668, 0.0108844, 0.00487193
6.89, 9.98679, 0.0109331, 0.00455583
6.9, 9.9869, 0.0109786, 0.00424514
6.91, 9.98701, 0.0110211, 0.00393982
6.92, 9.98712, 0.0110605, 0.00363981
6.93, 9.98723, 0.0110969, 0.00334508
6.94, 9.98734, 0.0111303, 0.00305557
6.95, 9.98745, 0.0111609, 0.00277124
6.96, 9.98757, 0.0111886, 0.00249204
6.97, 9.98768, 0.0112135, 0.00221793
6.98, 9.98779, 0.0112357, 0.00194886
6.99, 9.9879, 0.0112552, 0.00168478
7, 9.98802, 0.011272, 0.00142564
7.01, 9.98813, 0.0112863, 0.0011714
7.02, 9.98824, 0.011298, 0.000922016
7.03, 9.98835, 0.0113072, 0.000677431
7.04, 9.98847, 0.011314, 0.000437602
7.05, 9.98858, 0.0113184, 0.000202483
7.06, 9.98869, 0.0113204, -2.7975e-05
7.07, 9.98881, 0.0113201, -0.000253818
7.08, 9.98892, 0.0113176, -0.000475093
7.09, 9.98903, 0.0113128, -0.000691848
7.1, 9.98915, 0.0113059, -0.000904129
7.11, 9.98926, 0.0112969, -0.00111198
7.12, 9.98937, 0.0112857, -0.00131546
7.13, 9.98948, 0.0112726, -0.0015146
7.14, 9.9896, 0.0112574, -0.00170946
7.15, 9.98971, 0.0112404, -0.00190008
7.16, 9.98982, 0.0112214, -0.0020865
7.17, 9.98993, 0.0112005, -0.00226878
7.18, 9.99005, 0.0111778, -0.00244696
7.19, 9.99016, 0.0111533, -0.00262109
7.2, 9.99027, 0.0111271, -0.00279121
7.21, 9.99038, 0.0110992, -0.00295737
7.22, 9.99049, 0.0110696, -0.00311962
7.23, 9.9906, 0.0110384, -0.00327799
7.24, 9.99071, 0.0110057, -0.00343255
7.25, 9.99082, 0.0109713, -0.00358332
7.26, 9.99093, 0.0109355, -0.00373036
7.27, 9.99104, 0.0108982, -0.00387372
7.28, 9.99115, 0.0108595, -0.00401344
7.29, 9.99126, 0.0108193, -0.00414955
7.3, 9.99136, 0.0107778, -0.00428212
7.31, 9.99147, 0.010735, -0.00441118
7.32, 9.99158, 0.0106909, -0.00453677
7.33, 9.99168, 0.0106455, -0.00465895
7.34, 9.99179, 0.0105989, -0.00477775
7.35, 9.9919, 0.0105512, -0.00489321
7.36, 9.992, 0.0105022, -0.0050054
7.37, 9.9921, 0.0104522, -0.00511433
7.38, 9.99221, 0.010401, -0.00522006
7.39, 9.99231, 0.0103488, -0.00532264
7.4, 9.99242, 0.0102956, -0.0054221
7.41, 9.99252, 0.0102414, -0.00551849
7.42, 9.99262, 0.0101862, -0.00561184
7.43, 9.99272, 0.0101301, -0.0057022
7.44, 9.99282, 0.0100731, -0.00578962
7.45, 9.99292, 0.0100152, -0.00587413
7.46, 9.99302, 0.00995642, -0.00595578
7.47, 9.99312, 0.00989686, -0.0060346
7.48, 9.99322, 0.00983652, -0.00611064
7.49, 9.99332, 0.00977541, -0.00618393
7.5, 9.99341, 0.00971357, -0.00625453
7.51, 9.99351, 0.00965103, -0.00632246
7.52, 9.99361, 0.0095878, -0.00638776
7.53, 9.9937, 0.00952392, -0.00645049
7.54, 9.9938, 0.00945942, -0.00651067
7.55, 9.99389, 0.00939431, -0.00656834
7.56, 9.99398, 0.00932863, -0.00662354
7.57, 9.99408, 0.00926239, -0.00667632
7.58, 9.99417, 0.00919563, -0.00672671
7.59, 9.99426, 0.00912836, -0.00677474
7.6, 9.99435, 0.00906062, -0.00682046
7.61, 9.99444, 0.00899241, -0.0068639
7.62, 9.99453, 0.00892377, -0.00690509
7.63, 9.99462, 0.00885472, -0.00694409
7.64, 9.99471, 0.00878528, -0.00698091
7.65, 9.99479, 0.00871547, -0.0070156
7.66, 9.99488, 0.00864532, -0.0070482
7.67, 9.99496, 0.00857483, -0.00707873
7.68, 9.99505, 0.00850405, -0.00710724
7.69, 9.99513, 0.00843297, -0.00713375
7.7, 9.99522, 0.00836164, -0.00715831
7.71, 9.9953, 0.00829005, -0.00718094
7.72, 9.99538, 0.00821824, -0.00720169
7.73, 9.99546, 0.00814623, -0.00722058
7.74, 9.99554, 0.00807402, -0.00723765
7.75, 9.99562, 0.00800165, -0.00725293
7.76, 9.9957, 0.00792912, -0.00726645
7.77, 9.99578, 0.00785645, -0.00727825
7.78, 9.99586, 0.00778367, -0.00728836
7.79, 9.99594, 0.00771079, -0.00729681
7.8, 9.99601, 0.00763782, -0.00730363
7.81, 9.99609, 0.00756478, -0.00730885
7.82, 9.99616, 0.00749169, -0.00731251
7.83, 9.99624, 0.00741857, -0.00731463
7.84, 9.99631, 0.00734542, -0.00731525
7.85, 9.99638, 0.00727227, -0.00731439
7.86, 9.99646, 0.00719912, -0.00731208
7.87, 9.99653, 0.007126, -0.00730836
7.88, 9.9966, 0.00705292, -0.00730325
7.89, 9.99667, 0.00697989, -0.00729678
7.9, 9.99674, 0.00690692, -0.00728899
7.91, 9.99681, 0.00683403, -0.00727989
7.92, 9.99687, 0.00676123, -0.00726951
7.93, 9.99694, 0.00668854, -0.00725789
7.94, 9.99701, 0.00661596, -0.00724506
7.95, 9.99707, 0.00654351, -0.00723102
7.96, 9.99714, 0.0064712, -0.00721583
7.97, 9.9972, 0.00639904, -0.00719949
7.98, 9.99726, 0.00632704, -0.00718204
7.99, 9.99733, 0.00625522, -0.00716351
8, 9.99739, 0.00618359, -0.00714391
8.01, 9.99745, 0.00611215, -0.00712327
8.02, 9.99751, 0.00604092, -0.00710163
8.03, 9.99757, 0.0059699, -0.00707899
8.04, 9.99763, 0.00589911, -0.00705539
8.05, 9.99769, 0.00582856, -0.00703086
8.06, 9.99774, 0.00575825, -0.00700541
8.07, 9.9978, 0.00568819, -0.00697906
8.08, 9.99786, 0.0056184, -0.00695185
8.09, 9.99791, 0.00554888, -0.00692379
8.1, 9.99797, 0.00547965, -0.00689491
8.11, 9.99802, 0.0054107, -0.00686522
8.12, 9.99808, 0.00534204, -0.00683476
8.13, 9.99813, 0.0052737, -0.00680354
8.14, 9.99818, 0.00520566, -0.00677158
8.15, 9.99823, 0.00513795, -0.00673891
8.16, 9.99828, 0.00507056, -0.00670554
8.17, 9.99833, 0.0050035, -0.0066715
8.18, 9.99838, 0.00493679, -0.0066368
8.19, 9.99843, 0.00487042, -0.00660148
8.2, 9.99848, 0.0048044, -0.00656554
8.21, 9.99853, 0.00473875, -0.006529
8.22, 9.99857, 0.00467346, -0.00649189
8.23, 9.99862, 0.00460854, -0.00645422
8.24, 9.99866, 0.004544, -0.00641602
8.25, 9.99871, 0.00447984, -0.00637729
8.26, 9.99875, 0.00441606, -0.00633807
8.27, 9.9988, 0.00435268, -0.00629836
8.28, 9.99884, 0.0042897, -0.00625819
8.29, 9.99888, 0.00422712, -0.00621757
8.3, 9.99892, 0.00416494, -0.00617651
8.31, 9.99896, 0.00410318, -0.00613505
8.32, 9.999, 0.00404183, -0.00609318
8.33, 9.99904, 0.00398089, -0.00605094
8.34, 9.99908, 0.00392039, -0.00600833
8.35, 9.99912, 0.0038603, -0.00596537
8.36, 9.99916, 0.00380065, -0.00592207
8.37, 9.9992, 0.00374143, -0.00587846
8.38, 9.99923, 0.00368264, -0.00583454
8.39, 9.99927, 0.0036243, -0.00579034
8.4, 9.99931, 0.00356639, -0.00574586
8.41, 9.99934, 0.00350894, -0.00570112
8.42, 9.99938, 0.00345192, -0.00565614
8.43, 9.99941, 0.00339536, -0.00561092
8.44, 9.99944, 0.00333925, -0.00556549
8.45, 9.99948, 0.0032836, -0.00551985
8.46, 9.99951, 0.0032284, -0.00547402
8.47, 9.99954, 0.00317366, -0.00542801
8.48, 9.99957, 0.00311938, -0.00538184
8.49, 9.9996, 0.00306556, -0.00533552
8.5, 9.99963, 0.00301221, -0.00528905
8.51, 9.99966, 0.00295932, -0.00524245
8.52, 9.99969, 0.00290689, -0.00519574
8.53, 9.99972, 0.00285493, -0.00514893
8.54, 9.99975, 0.00280345, -0.00510202
8.55, 9.99978, 0.00275242, -0.00505503
8.56, 9.9998, 0.00270187, -0.00500796
8.57, 9.99983, 0.0026518, -0.00496084
8.58, 9.99985, 0.00260219, -0.00491367
8.59, 9.99988, 0.00255305, -0.00486645
8.6, 9.99991, 0.00250439, -0.00481921
8.61, 9.99993, 0.00245619, -0.00477195
8.62, 9.99995, 0.00240847, -0.00472468
8.63, 9.99998, 0.00236123, -0.00467741
8.64, 10, 0.00231445, -0.00463015
8.65, 10, 0.00226815, -0.00458291
8.66, 10, 0.00222232, -0.0045357
8.67, 10.0001, 0.00217697, -0.00448853
8.68, 10.0001, 0.00213208, -0.0044414
8.69, 10.0001, 0.00208767, -0.00439432
8.7, 10.0001, 0.00204372, -0.00434731
8.71, 10.0001, 0.00200025, -0.00430037
8.72, 10.0002, 0.00195725, -0.00425351
8.73, 10.0002, 0.00191471, -0.00420673
8.74, 10.0002, 0.00187264, -0.00416005
8.75, 10.0002, 0.00183104, -0.00411347
8.76, 10.0002, 0.00178991, -0.004067
8.77, 10.0003, 0.00174924, -0.00402064
8.78, 10.0003, 0.00170903, -0.00397441
8.79, 10.0003, 0.00166929, -0.00392831
8.8, 10.0003, 0.00163, -0.00388234
8.81, 10.0003, 0.00159118, -0.00383652
8.82, 10.0003, 0.00155282, -0.00379085
8.83, 10.0004, 0.00151491, -0.00374533
8.84, 10.0004, 0.00147745, -0.00369997
8.85, 10.0004, 0.00144045, -0.00365478
8.86, 10.0004, 0.00140391, -0.00360976
8.87, 10.0004, 0.00136781, -0.00356492
8.88, 10.0004, 0.00133216, -0.00352027
8.89, 10.0004, 0.00129696, -0.0034758
8.9, 10.0005, 0.0012622, -0.00343153
8.91, 10.0005, 0.00122788, -0.00338746
8.92, 10.0005, 0.00119401, -0.00334359
8.93, 10.0005, 0.00116057, -0.00329993
8.94, 10.0005, 0.00112757, -0.00325648
8.95, 10.0005, 0.00109501, -0.00321325
8.96, 10.0005, 0.00106288, -0.00317024
8.97, 10.0005, 0.00103117, -0.00312746
8.98, 10.0005, 0.0009999, -0.00308491
8.99, 10.0006, 0.000969051, -0.00304259
9, 10.0006, 0.000938625, -0.00300051
9.01, 10.0006, 0.00090862, -0.00295868
9.02, 10.0006, 0.000879033, -0.00291708
9.03, 10.0006, 0.000849862, -0.00287574
9.04, 10.0006, 0.000821105, -0.00283465
9.05, 10.0006, 0.000792758, -0.00279381
9.06, 10.0006, 0.00076482, -0.00275323
9.07, 10.0006, 0.000737288, -0.00271291
9.08, 10.0006, 0.000710159, -0.00267285
9.09, 10.0006, 0.00068343, -0.00263307
9.1, 10.0006, 0.0006571, -0.00259355
9.11, 10.0006, 0.000631164, -0.0025543
9.12, 10.0007, 0.000605621, -0.00251533
9.13, 10.0007, 0.000580468, -0.00247663
9.14, 10.0007, 0.000555702, -0.00243821
9.15, 10.0007, 0.000531319, -0.00240007
9.16, 10.0007, 0.000507319, -0.00236222
9.17, 10.0007, 0.000483697, -0.00232465
9.18, 10.0007, 0.00046045, -0.00228736
9.19, 10.0007, 0.000437576, -0.00225037
9.2, 10.0007, 0.000415073, -0.00221366
9.21, 10.0007, 0.000392936, -0.00217725
9.22, 10.0007, 0.000371164, -0.00214112
9.23, 10.0007, 0.000349752, -0.0021053
9.24, 10.0007, 0.0003287, -0.00206977
9.25, 10.0007, 0.000308002, -0.00203453
9.26, 10.0007, 0.000287657, -0.00199959
9.27, 10.0007, 0.000267661, -0.00196495
9.28, 10.0007, 0.000248011, -0.00193062
9.29, 10.0007, 0.000228705, -0.00189658
9.3, 10.0007, 0.000209739, -0.00186284
9.31, 10.0007, 0.000191111, -0.00182941
9.32, 10.0007, 0.000172817, -0.00179627
9.33, 10.0007, 0.000154854, -0.00176345
9.34, 10.0007, 0.00013722, -0.00173092
9.35, 10.0007, 0.00011991, -0.0016987
9.36, 10.0007, 0.000102923, -0.00166679
9.37, 10.0007, 8.62554e-05, -0.00163517
9.38, 10.0007, 6.99037e-05, -0.00160387
9.39, 10.0007, 5.3865e-05, -0.00157287
9.4, 10.0007, 3.81363e-05, -0.00154217
9.41, 10.0007, 2.27146e-05, -0.00151179
9.42, 10.0007, 7.59671e-06, -0.0014817
9.43, 10.0007, -7.22031e-06, -0.00145192
9.44, 10.0007, -2.17395e-05, -0.00142245
9.45, 10.0007, -3.5964e-05, -0.00139328
9.46, 10.0007, -4.98969e-05, -0.00136442
9.47, 10.0007, -6.3541e-05, -0.00133586
9.48, 10.0007, -7.68996e-05, -0.0013076
9.49, 10.0007, -8.99757e-05, -0.00127965
9.5, 10.0007, -0.000102772, -0.001252
9.51, 10.0007, -0.000115292, -0.00122466
9.52, 10.0007, -0.000127539, -0.00119761
9.53, 10.0007, -0.000139515, -0.00117087
9.54, 10.0007, -0.000151224, -0.00114443
9.55, 10.0007, -0.000162668, -0.00111829
9.56, 10.0007, -0.000173851, -0.00109244
9.57, 10.0007, -0.000184775, -0.0010669
9.58, 10.0007, -0.000195444, -0.00104165
9.59, 10.0007, -0.000205861, -0.0010167
9.6, 10.0007, -0.000216028, -0.000992048
9.61, 10.0007, -0.000225948, -0.000967688
9.62, 10.0007, -0.000235625, -0.000943622
9.63, 10.0007, -0.000245061, -0.000919849
9.64, 10.0007, -0.00025426, -0.000896366
9.65, 10.0007, -0.000263224, -0.000873175
9.66, 10.0007, -0.000271955, -0.000850272
9.67, 10.0007, -0.000280458, -0.000827657
9.68, 10.0007, -0.000288735, -0.00080533
9.69, 10.0007, -0.000296788, -0.000783287
9.7, 10.0007, -0.000304621, -0.000761529
9.71, 10.0007, -0.000312236, -0.000740054
9.72, 10.0007, -0.000319637, -0.00071886
9.73, 10.0007, -0.000326825, -0.000697946
9.74, 10.0007, -0.000333805, -0.000677311
9.75, 10.0007, -0.000340578, -0.000656953
9.76, 10.0007, -0.000347147, -0.000636871
9.77, 10.0007, -0.000353516, -0.000617064
9.78, 10.0007, -0.000359687, -0.000597529
9.79, 10.0007, -0.000365662, -0.000578265
9.8, 10.0007, -0.000371445, -0.000559271
9.81, 10.0006, -0.000377037, -0.000540544
9.82, 10.0006, -0.000382443, -0.000522085
9.83, 10.0006, -0.000387664, -0.00050389
9.84, 10.0006, -0.000392702, -0.000485958
9.85, 10.0006, -0.000397562, -0.000468288
9.86, 10.0006, -0.000402245, -0.000450877
9.87, 10.0006, -0.000406754, -0.000433724
9.88, 10.0006, -0.000411091, -0.000416828
9.89, 10.0006, -0.000415259, -0.000400186
9.9, 10.0006, -0.000419261, -0.000383797
9.91, 10.0006, -0.000423099, -0.000367659
9.92, 10.0006, -0.000426776, -0.000351771
9.93, 10.0006, -0.000430293, -0.000336129
9.94, 10.0006, -0.000433655, -0.000320734
9.95, 10.0006, -0.000436862, -0.000305582
9.96, 10.0006, -0.000439918, -0.000290672
9.97, 10.0006, -0.000442825, -0.000276002
9.98, 10.0006, -0.000445585, -0.00026157
9.99, 10.0006, -0.0004482, -0.000247375
10, 10.0006, -0.000450674, -0.000233414
10.01, 10.0006, -0.000453008, -0.000219685
10.02, 10.0006, -0.000455205, -0.000206187
10.03, 10.0006, -0.000457267, -0.000192918
10.04, 10.0005, -0.000459196, -0.000179876
10.05, 10.0005, -0.000460995, -0.000167059
10.06, 10.0005, -0.000462665, -0.000154464
10.07, 10.0005, -0.00046421, -0.000142091
10.08, 10.0005, -0.000465631, -0.000129936
10.09, 10.0005, -0.00046693, -0.000117999
10.1, 10.0005, -0.00046811, -0.000106277
10.11, 10.0005, -0.000469173, -9.47678e-05
10.12, 10.0005, -0.000470121, -8.347e-05
10.13, 10.0005, -0.000470955, -7.23815e-05
10.14, 10.0005, -0.000471679, -6.15003e-05
10.15, 10.0005, -0.000472294, -5.08244e-05
10.16, 10.0005, -0.000472802, -4.03519e-05
10.17, 10.0005, -0.000473206, -3.00807e-05
10.18, 10.0005, -0.000473507, -2.0009e-05
10.19, 10.0005, -0.000473707, -1.01346e-05
10.2, 10.0005, -0.000473808, -4.55781e-07
10.21, 10.0005, -0.000473813, 9.02959e-06
10.22, 10.0005, -0.000473723, 1.83234e-05
10.23, 10.0005, -0.000473539, 2.74278e-05
10.24, 10.0005, -0.000473265, 3.63445e-05
10.25, 10.0005, -0.000472902, 4.50757e-05
10.26, 10.0004, -0.000472451, 5.36232e-05
10.27, 10.0004, -0.000471915, 6.1989e-05
10.28, 10.0004, -0.000471295, 7.01751e-05
10.29, 10.0004, -0.000470593, 7.81835e-05
10.3, 10.0004, -0.000469811, 8.6016e-05
10.31, 10.0004, -0.000468951, 9.36747e-05
10.32, 10.0004, -0.000468014, 0.000101161
10.33, 10.0004, -0.000467003, 0.000108478
10.34, 10.0004, -0.000465918, 0.000115627
10.35, 10.0004, -0.000464762, 0.00012261
10.36, 10.0004, -0.000463535, 0.000129428
10.37, 10.0004, -0.000462241, 0.000136085
10.38, 10.0004, -0.00046088, 0.00014258
10.39, 10.0004, -0.000459454, 0.000148918
10.4, 10.0004, -0.000457965, 0.000155099
10.41, 10.0004, -0.000456414, 0.000161125
10.42, 10.0004, -0.000454803, 0.000166999
10.43, 10.0004, -0.000453133, 0.000172721
10.44, 10.0004, -0.000451406, 0.000178295
10.45, 10.0004, -0.000449623, 0.000183722
10.46, 10.0004, -0.000447786, 0.000189003
10.47, 10.0003, -0.000445896, 0.000194141
10.48, 10.0003, -0.000443954, 0.000199137
10.49, 10.0003, -0.000441963, 0.000203994
10.5, 10.0003, -0.000439923, 0.000208712
10.51, 10.0003, -0.000437836, 0.000213295
10.52, 10.0003, -0.000435703, 0.000217743
10.53, 10.0003, -0.000433525, 0.000222058
10.54, 10.0003, -0.000431305, 0.000226243
10.55, 10.0003, -0.000429042, 0.000230299
10.56, 10.0003, -0.000426739, 0.000234228
10.57, 10.0003, -0.000424397, 0.000238032
10.58, 10.0003, -0.000422017, 0.000241711
10.59, 10.0003, -0.0004196, 0.000245269
10.6, 10.0003, -0.000417147, 0.000248707
10.61, 10.0003, -0.00041466, 0.000252026
10.62, 10.0003, -0.00041214, 0.000255228
10.63, 10.0003, -0.000409587, 0.000258315
10.64, 10.0003, -0.000407004, 0.000261289
10.65, 10.0003, -0.000404391, 0.000264151
10.66, 10.0003, -0.00040175, 0.000266903
10.67, 10.0003, -0.000399081, 0.000269547
10.68, 10.0003, -0.000396385, 0.000272083
10.69, 10.0003, -0.000393665, 0.000274515
10.7, 10.0003, -0.000390919, 0.000276843
10.71, 10.0002, -0.000388151, 0.000279069
10.72, 10.0002, -0.00038536, 0.000281195
10.73, 10.0002, -0.000382548, 0.000283222
10.74, 10.0002, -0.000379716, 0.000285152
10.75, 10.0002, -0.000376865, 0.000286986
10.76, 10.0002, -0.000373995, 0.000288726
10.77, 10.0002, -0.000371107, 0.000290374
10.78, 10.0002, -0.000368204, 0.000291931
10.79, 10.0002, -0.000365284, 0.000293398
10.8, 10.0002, -0.00036235, 0.000294777
10.81, 10.0002, -0.000359403, 0.000296069
10.82, 10.0002, -0.000356442, 0.000297277
10.83, 10.0002, -0.000353469, 0.000298401
10.84, 10.0002, -0.000350485, 0.000299442
10.85, 10.0002, -0.000347491, 0.000300403
10.86, 10.0002, -0.000344487, 0.000301285
10.87, 10.0002, -0.000341474, 0.000302089
10.88, 10.0002, -0.000338453, 0.000302816
10.89, 10.0002, -0.000335425, 0.000303468
10.9, 10.0002, -0.00033239, 0.000304047
10.91, 10.0002, -0.00032935, 0.000304553
10.92, 10.0002, -0.000326304, 0.000304988
10.93, 10.0002, -0.000323254, 0.000305353
10.94, 10.0002, -0.000320201, 0.00030565
10.95, 10.0002, -0.000317144, 0.00030588
10.96, 10.0002, -0.000314085, 0.000306044
10.97, 10.0002, -0.000311025, 0.000306144
10.98, 10.0002, -0.000307964, 0.00030618
10.99, 10.0002, -0.000304902, 0.000306154
11, 10.0001, -0.00030184, 0.000306068
11.01, 10.0001, -0.00029878, 0.000305922
11.02, 10.0001, -0.00029572, 0.000305718
11.03, 10.0001, -0.000292663, 0.000305457
11.04, 10.0001, -0.000289609, 0.00030514
11.05, 10.0001, -0.000286557, 0.000304769
11.06, 10.0001, -0.00028351, 0.000304343
11.07, 10.0001, -0.000280466, 0.000303866
11.08, 10.0001, -0.000277427, 0.000303337
11.09, 10.0001, -0.000274394, 0.000302758
11.1, 10.0001, -0.000271366, 0.00030213
11.11, 10.0001, -0.000268345, 0.000301455
11.12, 10.0001, -0.000265331, 0.000300732
11.13, 10.0001, -0.000262323, 0.000299964
11.14, 10.0001, -0.000259324, 0.000299151
11.15, 10.0001, -0.000256332, 0.000298295
11.16, 10.0001, -0.000253349, 0.000297396
11.17, 10.0001, -0.000250375, 0.000296456
11.18, 10.0001, -0.000247411, 0.000295475
11.19, 10.0001, -0.000244456, 0.000294454
11.2, 10.0001, -0.000241511, 0.000293395
11.21, 10.0001, -0.000238577, 0.000292299
11.22, 10.0001, -0.000235654, 0.000291166
11.23, 10.0001, -0.000232743, 0.000289998
11.24, 10.0001, -0.000229843, 0.000288795
11.25, 10.0001, -0.000226955, 0.000287558
11.26, 10.0001, -0.000224079, 0.000286288
11.27, 10.0001, -0.000221216, 0.000284987
11.28, 10.0001, -0.000218367, 0.000283654
11.29, 10.0001, -0.00021553, 0.000282292
11.3, 10.0001, -0.000212707, 0.0002809
11.31, 10.0001, -0.000209898, 0.00027948
11.32, 10.0001, -0.000207103, 0.000278033
11.33, 10.0001, -0.000204323, 0.000276558
11.34, 10.0001, -0.000201557, 0.000275058
11.35, 10.0001, -0.000198807, 0.000273533
11.36, 10.0001, -0.000196071, 0.000271984
11.37, 10.0001, -0.000193352, 0.000270411
11.38, 10.0001, -0.000190647, 0.000268816
11.39, 10.0001, -0.000187959, 0.000267199
11.4, 10.0001, -0.000185287, 0.000265561
11.41, 10.0001, -0.000182632, 0.000263902
11.42, 10, -0.000179993, 0.000262224
11.43, 10, -0.00017737, 0.000260527
11.44, 10, -0.000174765, 0.000258812
11.45, 10, -0.000172177, 0.000257079
11.46, 10, -0.000169606, 0.00025533
11.47, 10, -0.000167053, 0.000253564
11.48, 10, -0.000164517, 0.000251783
11.49, 10, -0.000162, 0.000249987
11.5, 10, -0.0001595, 0.000248178
11.51, 10, -0.000157018, 0.000246355
11.52, 10, -0.000154554, 0.000244519
11.53, 10, -0.000152109, 0.00024267
11.54, 10, -0.000149682, 0.000240811
11.55, 10, -0.000147274, 0.00023894
11.56, 10, -0.000144885, 0.000237059
11.57, 10, -0.000142514, 0.000235168
11.58, 10, -0.000140163, 0.000233268
11.59, 10, -0.00013783, 0.000231359
11.6, 10, -0.000135516, 0.000229442
11.61, 10, -0.000133222, 0.000227518
11.62, 10, -0.000130947, 0.000225586
11.63, 10, -0.000128691, 0.000223648
11.64, 10, -0.000126454, 0.000221705
11.65, 10, -0.000124237, 0.000219755
11.66, 10, -0.00012204, 0.000217801
11.67, 10, -0.000119862, 0.000215842
11.68, 10, -0.000117703, 0.000213879
11.69, 10, -0.000115565, 0.000211913
11.7, 10, -0.000113446, 0.000209944
11.71, 10, -0.000111346, 0.000207972
11.72, 10, -0.000109266, 0.000205998
11.73, 10, -0.000107206, 0.000204022
11.74, 10, -0.000105166, 0.000202045
11.75, 10, -0.000103146, 0.000200067
11.76, 10, -0.000101145, 0.000198088
11.77, 10, -9.91642e-05, 0.00019611
11.78, 10, -9.72031e-05, 0.000194132
11.79, 10, -9.52618e-05, 0.000192154
11.8, 10, -9.33402e-05, 0.000190178
11.81, 10, -9.14384e-05, 0.000188203
11.82, 10, -8.95564e-05, 0.00018623
11.83, 10, -8.76941e-05, 0.00018426
11.84, 9.99999, -8.58515e-05, 0.000182291
11.85, 9.99999, -8.40286e-05, 0.000180326
11.86, 9.99999, -8.22253e-05, 0.000178364
11.87, 9.99999, -8.04417e-05, 0.000176406
11.88, 9.99999, -7.86776e-05, 0.000174451
11.89, 9.99999, -7.69331e-05, 0.000172501
11.9, 9.99999, -7.52081e-05, 0.000170555
11.91, 9.99999, -7.35026e-05, 0.000168614
11.92, 9.99999, -7.18164e-05, 0.000166678
11.93, 9.99999, -7.01496e-05, 0.000164747
11.94, 9.99999, -6.85022e-05, 0.000162822
11.95, 9.99999, -6.68739e-05, 0.000160903
11.96, 9.99999, -6.52649e-05, 0.000158991
11.97, 9.99999, -6.3675e-05, 0.000157084
11.98, 9.99998, -6.21042e-05, 0.000155185
11.99, 9.99998, -6.05523e-05, 0.000153292
12, 9.99998, -5.90194e-05, 0.000151407
12.01, 9.99998, -5.75053e-05, 0.000149529
12.02, 9.99998, -5.601e-05, 0.000147658
12.03, 9.99998, -5.45335e-05, 0.000145796
12.04, 9.99998, -5.30755e-05, 0.000143941
12.05, 9.99998, -5.16361e-05, 0.000142095
12.06, 9.99998, -5.02151e-05, 0.000140258
12.07, 9.99998, -4.88126e-05, 0.000138429
12.08, 9.99998, -4.74283e-05, 0.000136609
12.09, 9.99998, -4.60622e-05, 0.000134798
12.1, 9.99998, -4.47142e-05, 0.000132996
12.11, 9.99998, -4.33842e-05, 0.000131204
12.12, 9.99998, -4.20722e-05, 0.000129421
12.13, 9.99998, -4.0778e-05, 0.000127648
12.14, 9.99998, -3.95015e-05, 0.000125885
12.15, 9.99998, -3.82427e-05, 0.000124133
12.16, 9.99998, -3.70013e-05, 0.00012239
12.17, 9.99998, -3.57774e-05, 0.000120658
12.18, 9.99998, -3.45709e-05, 0.000118936
12.19, 9.99997, -3.33815e-05, 0.000117225
12.2, 9.99997, -3.22092e-05, 0.000115525
12.21, 9.99997, -3.1054e-05, 0.000113835
12.22, 9.99997, -2.99156e-05, 0.000112157
12.23, 9.99997, -2.87941e-05, 0.00011049
12.24, 9.99997, -2.76892e-05, 0.000108834
12.25, 9.99997, -2.66008e-05, 0.000107189
12.26, 9.99997, -2.5529e-05, 0.000105556
12.27, 9.99997, -2.44734e-05, 0.000103934
12.28, 9.99997, -2.34341e-05, 0.000102324
12.29, 9.99997, -2.24108e-05, 0.000100726
12.3, 9.99997, -2.14036e-05, 9.91393e-05
12.31, 9.99997, -2.04122e-05, 9.75648e-05
12.32, 9.99997, -1.94365e-05, 9.60022e-05
12.33, 9.99997, -1.84765e-05, 9.44517e-05
12.34, 9.99997, -1.7532e-05, 9.29133e-05
12.35, 9.99997, -1.66028e-05, 9.13871e-05
12.36, 9.99997, -1.5689e-05, 8.98731e-05
12.37, 9.99997, -1.47902e-05, 8.83715e-05
12.38, 9.99997, -1.39065e-05, 8.68822e-05
12.39, 9.99997, -1.30377e-05, 8.54053e-05
12.4, 9.99997, -1.21837e-05, 8.39409e-05
12.41, 9.99997, -1.13442e-05, 8.24889e-05
12.42, 9.99997, -1.05194e-05, 8.10495e-05
12.43, 9.99997, -9.70887e-06, 7.96227e-05
12.44, 9.99997, -8.91264e-06, 7.82085e-05
12.45, 9.99997, -8.13055e-06, 7.6807e-05
12.46, 9.99997, -7.36248e-06, 7.54181e-05
12.47, 9.99997, -6.6083e-06, 7.40419e-05
12.48, 9.99997, -5.86788e-06, 7.26784e-05
12.49, 9.99997, -5.1411e-06, 7.13276e-05
12.5, 9.99997, -4.42782e-06, 6.99896e-05
12.51, 9.99997, -3.72793e-06, 6.86644e-05
12.52, 9.99997, -3.04128e-06, 6.7352e-05
12.53, 9.99997, -2.36776e-06, 6.60523e-05
12.54, 9.99997, -1.70724e-06, 6.47654e-05
12.55, 9.99997, -1.05959e-06, 6.34913e-05
12.56, 9.99997, -4.24675e-07, 6.22299e-05
12.57, 9.99997, 1.97624e-07, 6.09814e-05
12.58, 9.99997, 8.07438e-07, 5.97456e-05
12.59, 9.99997, 1.40489e-06, 5.85226e-05
12.6, 9.99997, 1.99012e-06, 5.73123e-05
12.61, 9.99997, 2.56324e-06, 5.61148e-05
12.62, 9.99997, 3.12439e-06, 5.493e-05
12.63, 9.99997, 3.67369e-06, 5.3758e-05
12.64, 9.99997, 4.21127e-06, 5.25986e-05
12.65, 9.99997, 4.73726e-06, 5.14519e-05
12.66, 9.99997, 5.25178e-06, 5.03178e-05
12.67, 9.99997, 5.75495e-06, 4.91963e-05
12.68, 9.99997, 6.24692e-06, 4.80875e-05
12.69, 9.99997, 6.72779e-06, 4.69912e-05
12.7, 9.99997, 7.1977e-06, 4.59074e-05
12.71, 9.99997, 7.65678e-06, 4.48361e-05
12.72, 9.99997, 8.10514e-06, 4.37773e-05
12.73, 9.99997, 8.54291e-06, 4.27309e-05
12.74, 9.99997, 8.97022e-06, 4.16968e-05
12.75, 9.99997, 9.38719e-06, 4.06752e-05
12.76, 9.99997, 9.79394e-06, 3.96658e-05
12.77, 9.99997, 1.01906e-05, 3.86687e-05
12.78, 9.99997, 1.05773e-05, 3.76837e-05
12.79, 9.99997, 1.09541e-05, 3.6711e-05
12.8, 9.99997, 1.13212e-05, 3.57503e-05
12.81, 9.99997, 1.16787e-05, 3.48018e-05
12.82, 9.99997, 1.20268e-05, 3.38652e-05
12.83, 9.99997, 1.23654e-05, 3.29406e-05
12.84, 9.99997, 1.26948e-05, 3.20279e-05
12.85, 9.99997, 1.30151e-05, 3.1127e-05
12.86, 9.99997, 1.33264e-05, 3.02379e-05
12.87, 9.99997, 1.36287e-05, 2.93606e-05
12.88, 9.99997, 1.39223e-05, 2.84949e-05
12.89, 9.99997, 1.42073e-05, 2.76409e-05
12.9, 9.99997, 1.44837e-05, 2.67984e-05
12.91, 9.99997, 1.47517e-05, 2.59674e-05
12.92, 9.99997, 1.50114e-05, 2.51478e-05
12.93, 9.99997, 1.52628e-05, 2.43396e-05
12.94, 9.99997, 1.55062e-05, 2.35427e-05
12.95, 9.99997, 1.57417e-05, 2.2757e-05
12.96, 9.99997, 1.59692e-05, 2.19825e-05
12.97, 9.99997, 1.61891e-05, 2.12191e-05
12.98, 9.99997, 1.64012e-05, 2.04667e-05
12.99, 9.99997, 1.66059e-05, 1.97252e-05
13, 9.99997, 1.68032e-05, 1.89946e-05
13.01, 9.99997, 1.69931e-05, 1.82749e-05
13.02, 9.99997, 1.71759e-05, 1.75659e-05
13.03, 9.99997, 1.73515e-05, 1.68675e-05
13.04, 9.99997, 1.75202e-05, 1.61798e-05
13.05, 9.99997, 1.7682e-05, 1.55025e-05
13.06, 9.99997, 1.7837e-05, 1.48357e-05
13.07, 9.99997, 1.79854e-05, 1.41793e-05
13.08, 9.99998, 1.81272e-05, 1.35332e-05
13.09, 9.99998, 1.82625e-05, 1.28973e-05
13.1, 9.99998, 1.83915e-05, 1.22715e-05
13.11, 9.99998, 1.85142e-05, 1.16558e-05
13.12, 9.99998, 1.86307e-05, 1.10501e-05
13.13, 9.99998, 1.87412e-05, 1.04542e-05
13.14, 9.99998, 1.88458e-05, 9.86823e-06
13.15, 9.99998, 1.89445e-05, 9.29197e-06
13.16, 9.99998, 1.90374e-05, 8.72538e-06
13.17, 9.99998, 1.91246e-05, 8.16838e-06
13.18, 9.99998, 1.92063e-05, 7.62089e-06
13.19, 9.99998, 1.92825e-05, 7.08282e-06
13.2, 9.99998, 1.93534e-05, 6.5541e-06
13.21, 9.99998, 1.94189e-05, 6.03464e-06
13.22, 9.99998, 1.94793e-05, 5.52436e-06
13.23, 9.99998, 1.95345e-05, 5.02318e-06
13.24, 9.99998, 1.95847e-05, 4.53102e-06
13.25, 9.99998, 1.963e-05, 4.0478e-06
13.26, 9.99998, 1.96705e-05, 3.57344e-06
13.27, 9.99998, 1.97063e-05, 3.10784e-06
13.28, 9.99998, 1.97373e-05, 2.65094e-06
13.29, 9.99998, 1.97638e-05, 2.20264e-06
13.3, 9.99998, 1.97859e-05, 1.76287e-06
13.31, 9.99998, 1.98035e-05, 1.33155e-06
13.32, 9.99998, 1.98168e-05, 9.0858e-07
13.33, 9.99998, 1.98259e-05, 4.9389e-07
13.34, 9.99998, 1.98308e-05, 8.73956e-08
13.35, 9.99998, 1.98317e-05, -3.10986e-07
13.36, 9.99998, 1.98286e-05, -7.01339e-07
13.37, 9.99998, 1.98216e-05, -1.08374e-06
13.38, 9.99998, 1.98107e-05, -1.45828e-06
13.39, 9.99998, 1.97962e-05, -1.82504e-06
13.4, 9.99998, 1.97779e-05, -2.1841e-06
13.41, 9.99998, 1.97561e-05, -2.53554e-06
13.42, 9.99998, 1.97307e-05, -2.87944e-06
13.43, 9.99998, 1.97019e-05, -3.21589e-06
13.44, 9.99998, 1.96698e-05, -3.54497e-06
13.45, 9.99998, 1.96343e-05, -3.86676e-06
13.46, 9.99998, 1.95956e-05, -4.18133e-06
13.47, 9.99998, 1.95538e-05, -4.48878e-06
13.48, 9.99998, 1.95089e-05, -4.78919e-06
13.49, 9.99998, 1.94611e-05, -5.08262e-06
13.5, 9.99998, 1.94102e-05, -5.36918e-06
13.51, 9.99998, 1.93565e-05, -5.64892e-06
13.52, 9.99998, 1.93e-05, -5.92195e-06
13.53, 9.99998, 1.92408e-05, -6.18832e-06
13.54, 9.99998, 1.91789e-05, -6.44814e-06
13.55, 9.99998, 1.91145e-05, -6.70146e-06
13.56, 9.99998, 1.90474e-05, -6.94838e-06
13.57, 9.99998, 1.8978e-05, -7.18897e-06
13.58, 9.99998, 1.89061e-05, -7.42332e-06
13.59, 9.99998, 1.88318e-05, -7.65149e-06
13.6, 9.99999, 1.87553e-05, -7.87356e-06
13.61, 9.99999, 1.86766e-05, -8.08962e-06
13.62, 9.99999, 1.85957e-05, -8.29975e-06
13.63, 9.99999, 1.85127e-05, -8.504e-06
13.64, 9.99999, 1.84277e-05, -8.70248e-06
13.65, 9.99999, 1.83406e-05, -8.89524e-06
13.66, 9.99999, 1.82517e-05, -9.08237e-06
13.67, 9.99999, 1.81609e-05, -9.26394e-06
13.68, 9.99999, 1.80682e-05, -9.44002e-06
13.69, 9.99999, 1.79738e-05, -9.6107e-06
13.7, 9.99999, 1.78777e-05, -9.77604e-06
13.71, 9.99999, 1.77799e-05, -9.93612e-06
13.72, 9.99999, 1.76806e-05, -1.0091e-05
13.73, 9.99999, 1.75797e-05, -1.02408e-05
13.74, 9.99999, 1.74773e-05, -1.03855e-05
13.75, 9.99999, 1.73734e-05, -1.05253e-05
13.76, 9.99999, 1.72682e-05, -1.06601e-05
13.77, 9.99999, 1.71616e-05, -1.07902e-05
13.78, 9.99999, 1.70537e-05, -1.09154e-05
13.79, 9.99999, 1.69445e-05, -1.1036e-05
13.8, 9.99999, 1.68341e-05, -1.1152e-05
13.81, 9.99999, 1.67226e-05, -1.12634e-05
13.82, 9.99999, 1.661e-05, -1.13703e-05
13.83, 9.99999, 1.64963e-05, -1.14728e-05
13.84, 9.99999, 1.63816e-05, -1.1571e-05
13.85, 9.99999, 1.62659e-05, -1.16649e-05
13.86, 9.99999, 1.61492e-05, -1.17546e-05
13.87, 9.99999, 1.60317e-05, -1.18401e-05
13.88, 9.99999, 1.59133e-05, -1.19216e-05
13.89, 9.99999, 1.5794e-05, -1.1999e-05
13.9, 9.99999, 1.5674e-05, -1.20725e-05
13.91, 9.99999, 1.55533e-05, -1.21422e-05
13.92, 9.99999, 1.54319e-05, -1.2208e-05
13.93, 9.99999, 1.53098e-05, -1.227e-05
13.94, 9.99999, 1.51871e-05, -1.23283e-05
13.95, 9.99999, 1.50638e-05, -1.2383e-05
13.96, 9.99999, 1.494e-05, -1.24342e-05
13.97, 9.99999, 1.48157e-05, -1.24818e-05
13.98, 9.99999, 1.46908e-05, -1.2526e-05
13.99, 9.99999, 1.45656e-05, -1.25668e-05
14, 9.99999, 1.44399e-05, -1.26042e-05
14.01, 9.99999, 1.43139e-05, -1.26384e-05
14.02, 9.99999, 1.41875e-05, -1.26694e-05
14.03, 9.99999, 1.40608e-05, -1.26973e-05
14.04, 9.99999, 1.39338e-05, -1.2722e-05
14.05, 9.99999, 1.38066e-05, -1.27437e-05
14.06, 9.99999, 1.36792e-05, -1.27624e-05
14.07, 9.99999, 1.35515e-05, -1.27782e-05
14.08, 9.99999, 1.34238e-05, -1.27911e-05
14.09, 9.99999, 1.32959e-05, -1.28012e-05
14.1, 9.99999, 1.31678e-05, -1.28085e-05
14.11, 9.99999, 1.30398e-05, -1.28131e-05
14.12, 9.99999, 1.29116e-05, -1.28151e-05
14.13, 9.99999, 1.27835e-05, -1.28145e-05
14.14, 9.99999, 1.26553e-05, -1.28113e-05
14.15, 9.99999, 1.25272e-05, -1.28056e-05
14.16, 9.99999, 1.23992e-05, -1.27975e-05
14.17, 9.99999, 1.22712e-05, -1.2787e-05
14.18, 9.99999, 1.21433e-05, -1.27741e-05
14.19, 9.99999, 1.20156e-05, -1.27589e-05
14.2, 9.99999, 1.1888e-05, -1.27415e-05
14.21, 9.99999, 1.17606e-05, -1.27219e-05
14.22, 9.99999, 1.16334e-05, -1.27001e-05
14.23, 9.99999, 1.15064e-05, -1.26762e-05
14.24, 9.99999, 1.13796e-05, -1.26503e-05
14.25, 10, 1.12531e-05, -1.26223e-05
14.26, 10, 1.11269e-05, -1.25924e-05
14.27, 10, 1.10009e-05, -1.25606e-05
14.28, 10, 1.08753e-05, -1.25269e-05
14.29, 10, 1.07501e-05, -1.24914e-05
14.3, 10, 1.06251e-05, -1.2454e-05
14.31, 10, 1.05006e-05, -1.2415e-05
14.32, 10, 1.03765e-05, -1.23742e-05
14.33, 10, 1.02527e-05, -1.23318e-05
14.34, 10, 1.01294e-05, -1.22877e-05
14.35, 10, 1.00065e-05, -1.22421e-05
14.36, 10, 9.8841e-06, -1.21949e-05
14.37, 10, 9.76215e-06, -1.21463e-05
14.38, 10, 9.64069e-06, -1.20962e-05
14.39, 10, 9.51973e-06, -1.20446e-05
14.4, 10, 9.39928e-06, -1.19917e-05
14.41, 10, 9.27936e-06, -1.19375e-05
14.42, 10, 9.15999e-06, -1.18819e-05
14.43, 10, 9.04117e-06, -1.18251e-05
14.44, 10, 8.92292e-06, -1.17671e-05
14.45, 10, 8.80525e-06, -1.17078e-05
14.46, 10, 8.68817e-06, -1.16475e-05
14.47, 10, 8.57169e-06, -1.15859e-05
14.48, 10, 8.45583e-06, -1.15233e-05
14.49, 10, 8.3406e-06, -1.14597e-05
14.5, 10, 8.226e-06, -1.1395e-05
14.51, 10, 8.11205e-06, -1.13293e-05
14.52, 10, 7.99876e-06, -1.12627e-05
14.53, 10, 7.88613e-06, -1.11952e-05
14.54, 10, 7.77418e-06, -1.11268e-05
14.55, 10, 7.66291e-06, -1.10575e-05
14.56, 10, 7.55234e-06, -1.09874e-05
14.57, 10, 7.44246e-06, -1.09165e-05
14.58, 10, 7.3333e-06, -1.08448e-05
14.59, 10, 7.22485e-06, -1.07724e-05
14.6, 10, 7.11713e-06, -1.06993e-05
14.61, 10, 7.01013e-06, -1.06255e-05
14.62, 10, 6.90388e-06, -1.05511e-05
14.63, 10, 6.79837e-06, -1.04761e-05
14.64, 10, 6.69361e-06, -1.04004e-05
14.65, 10, 6.5896e-06, -1.03242e-05
14.66, 10, 6.48636e-06, -1.02474e-05
14.67, 10, 6.38389e-06, -1.01702e-05
14.68, 10, 6.28218e-06, -1.00924e-05
14.69, 10, 6.18126e-06, -1.00142e-05
14.7, 10, 6.08112e-06, -9.93552e-06
14.71, 10, 5.98176e-06, -9.85645e-06
14.72, 10, 5.8832e-06, -9.77698e-06
14.73, 10, 5.78543e-06, -9.69715e-06
14.74, 10, 5.68846e-06, -9.61698e-06
14.75, 10, 5.59229e-06, -9.53648e-06
14.76, 10, 5.49692e-06, -9.45569e-06
14.77, 10, 5.40237e-06, -9.37463e-06
14.78, 10, 5.30862e-06, -9.29331e-06
14.79, 10, 5.21569e-06, -9.21175e-06
14.8, 10, 5.12357e-06, -9.12999e-06
14.81, 10, 5.03227e-06, -9.04804e-06
14.82, 10, 4.94179e-06, -8.96591e-06
14.83, 10, 4.85213e-06, -8.88364e-06
14.84, 10, 4.76329e-06, -8.80123e-06
14.85, 10, 4.67528e-06, -8.71871e-06
14.86, 10, 4.58809e-06, -8.6361e-06
14.87, 10, 4.50173e-06, -8.55341e-06
14.88, 10, 4.4162e-06, -8.47067e-06
14.89, 10, 4.33149e-06, -8.38788e-06
14.9, 10, 4.24761e-06, -8.30508e-06
14.91, 10, 4.16456e-06, -8.22227e-06
14.92, 10, 4.08234e-06, -8.13947e-06
14.93, 10, 4.00094e-06, -8.0567e-06
14.94, 10, 3.92038e-06, -7.97397e-06
14.95, 10, 3.84064e-06, -7.8913e-06
14.96, 10, 3.76173e-06, -7.80871e-06
14.97, 10, 3.68364e-06, -7.72621e-06
14.98, 10, 3.60638e-06, -7.64381e-06
14.99, 10, 3.52994e-06, -7.56154e-06
15, 10, 3.45432e-06, -7.47939e-06
15.01, 10, 3.37953e-06, -7.3974e-06
15.02, 10, 3.30555e-06, -7.31556e-06
15.03, 10, 3.2324e-06, -7.2339e-06
15.04, 10, 3.16006e-06, -7.15242e-06
15.05, 10, 3.08854e-06, -7.07114e-06
15.06, 10, 3.01782e-06, -6.99007e-06
15.07, 10, 2.94792e-06, -6.90923e-06
15.08, 10, 2.87883e-06, -6.82862e-06
15.09, 10, 2.81054e-06, -6.74826e-06
15.1, 10, 2.74306e-06, -6.66816e-06
15.11, 10, 2.67638e-06, -6.58832e-06
15.12, 10, 2.6105e-06, -6.50877e-06
15.13, 10, 2.54541e-06, -6.4295e-06
15.14, 10, 2.48111e-06, -6.35053e-06
15.15, 10, 2.41761e-06, -6.27187e-06
15.16, 10, 2.35489e-06, -6.19353e-06
15.17, 10, 2.29296e-06, -6.11552e-06
15.18, 10, 2.2318e-06, -6.03785e-06
15.19, 10, 2.17142e-06, -5.96052e-06
15.2, 10, 2.11182e-06, -5.88354e-06
15.21, 10, 2.05298e-06, -5.80693e-06
15.22, 10, 1.99491e-06, -5.73069e-06
15.23, 10, 1.9376e-06, -5.65483e-06
15.24, 10, 1.88106e-06, -5.57936e-06
15.25, 10, 1.82526e-06, -5.50427e-06
15.26, 10, 1.77022e-06, -5.42959e-06
15.27, 10, 1.71592e-06, -5.35532e-06
15.28, 10, 1.66237e-06, -5.28146e-06
15.29, 10, 1.60956e-06, -5.20802e-06
15.3, 10, 1.55748e-06, -5.13501e-06
15.31, 10, 1.50613e-06, -5.06243e-06
15.32, 10, 1.4555e-06, -4.9903e-06
15.33, 10, 1.4056e-06, -4.9186e-06
15.34, 10, 1.35641e-06, -4.84736e-06
15.35, 10, 1.30794e-06, -4.77657e-06
15.36, 10, 1.26017e-06, -4.70624e-06
15.37, 10, 1.21311e-06, -4.63638e-06
15.38, 10, 1.16675e-06, -4.56699e-06
15.39, 10, 1.12108e-06, -4.49807e-06
15.4, 10, 1.0761e-06, -4.42963e-06
15.41, 10, 1.0318e-06, -4.36167e-06
15.42, 10, 9.88184e-07, -4.2942e-06
15.43, 10, 9.45242e-07, -4.22722e-06
15.44, 10, 9.0297e-07, -4.16074e-06
15.45, 10, 8.61362e-07, -4.09475e-06
15.46, 10, 8.20415e-07, -4.02926e-06
15.47, 10, 7.80122e-07, -3.96428e-06
15.48, 10, 7.40479e-07, -3.8998e-06
15.49, 10, 7.01481e-07, -3.83584e-06
15.5, 10, 6.63123e-07, -3.77238e-06
15.51, 10, 6.25399e-07, -3.70944e-06
15.52, 10, 5.88305e-07, -3.64702e-06
15.53, 10, 5.51834e-07, -3.58512e-06
15.54, 10, 5.15983e-07, -3.52373e-06
15.55, 10, 4.80746e-07, -3.46288e-06
15.56, 10, 4.46117e-07, -3.40254e-06
15.57, 10, 4.12092e-07, -3.34273e-06
15.58, 10, 3.78664e-07, -3.28345e-06
15.59, 10, 3.4583e-07, -3.2247e-06
15.6, 10, 3.13583e-07, -3.16648e-06
15.61, 10, 2.81918e-07, -3.10878e-06
15.62, 10, 2.5083e-07, -3.05162e-06
15.63, 10, 2.20314e-07, -2.995e-06
15.64, 10, 1.90364e-07, -2.93891e-06
15.65, 10, 1.60975e-07, -2.88335e-06
15.66, 10, 1.32142e-07, -2.82832e-06
15.67, 10, 1.03858e-07, -2.77383e-06
15.68, 10, 7.612e-08, -2.71988e-06
15.69, 10, 4.89212e-08, -2.66646e-06
15.7, 10, 2.22566e-08, -2.61358e-06
15.71, 10, -3.87917e-09, -2.56123e-06
15.72, 10, -2.94914e-08, -2.50941e-06
15.73, 10, -5.45856e-08, -2.45813e-06
15.74, 10, -7.91669e-08, -2.40739e-06
15.75, 10, -1.03241e-07, -2.35717e-06
15.76, 10, -1.26813e-07, -2.30749e-06
15.77, 10, -1.49887e-07, -2.25835e-06
15.78, 10, -1.72471e-07, -2.20973e-06
15.79, 10, -1.94568e-07, -2.16164e-06
15.8, 10, -2.16185e-07, -2.11409e-06
15.81, 10, -2.37326e-07, -2.06706e-06
15.82, 10, -2.57996e-07, -2.02056e-06
15.83, 10, -2.78202e-07, -1.97458e-06
15.84, 10, -2.97948e-07, -1.92913e-06
15.85, 10, -3.17239e-07, -1.88421e-06
15.86, 10, -3.36081e-07, -1.8398e-06
15.87, 10, -3.54479e-07, -1.79591e-06
15.88, 10, -3.72438e-07, -1.75255e-06
15.89, 10, -3.89964e-07, -1.7097e-06
15.9, 10, -4.07061e-07, -1.66736e-06
15.91, 10, -4.23734e-07, -1.62554e-06
15.92, 10, -4.3999e-07, -1.58423e-06
15.93, 10, -4.55832e-07, -1.54343e-06
15.94, 10, -4.71266e-07, -1.50313e-06
15.95, 10, -4.86297e-07, -1.46335e-06
15.96, 10, -5.00931e-07, -1.42406e-06
15.97, 10, -5.15172e-07, -1.38528e-06
15.98, 10, -5.29024e-07, -1.34699e-06
15.99, 10, -5.42494e-07, -1.3092e-06
16, 10, -5.55586e-07, -1.2719e-06
16.01, 10, -5.68305e-07, -1.2351e-06
16.02, 10, -5.80656e-07, -1.19878e-06
16.03, 10, -5.92644e-07, -1.16296e-06
16.04, 10, -6.04274e-07, -1.12761e-06
16.05, 10, -6.1555e-07, -1.09275e-06
16.06, 10, -6.26477e-07, -1.05836e-06
16.07, 10, -6.37061e-07, -1.02446e-06
16.08, 10, -6.47305e-07, -9.9102e-07
16.09, 10, -6.57216e-07, -9.58055e-07
16.1, 10, -6.66796e-07, -9.25558e-07
16.11, 10, -6.76052e-07, -8.93526e-07
16.12, 10, -6.84987e-07, -8.61956e-07
16.13, 10, -6.93607e-07, -8.30845e-07
16.14, 10, -7.01915e-07, -8.00189e-07
16.15, 10, -7.09917e-07, -7.69987e-07
16.16, 10, -7.17617e-07, -7.40235e-07
16.17, 10, -7.25019e-07, -7.1093e-07
16.18, 10, -7.32128e-07, -6.82069e-07
16.19, 10, -7.38949e-07, -6.53648e-07
16.2, 10, -7.45486e-07, -6.25666e-07
16.21, 10, -7.51742e-07, -5.98118e-07
16.22, 10, -7.57723e-07, -5.71001e-07
16.23, 10, -7.63433e-07, -5.44312e-07
16.24, 10, -7.68877e-07, -5.18049e-07
16.25, 10, -7.74057e-07, -4.92206e-07
16.26, 10, -7.78979e-07, -4.66782e-07
16.27, 10, -7.83647e-07, -4.41774e-07
16.28, 10, -7.88065e-07, -4.17177e-07
16.29, 10, -7.92236e-07, -3.92989e-07
16.3, 10, -7.96166e-07, -3.69206e-07
16.31, 10, -7.99858e-07, -3.45824e-07
16.32, 10, -8.03317e-07, -3.22842e-07
16.33, 10, -8.06545e-07, -3.00254e-07
16.34, 10, -8.09548e-07, -2.78058e-07
16.35, 10, -8.12328e-07, -2.5625e-07
16.36, 10, -8.14891e-07, -2.34827e-07
16.37, 10, -8.17239e-07, -2.13786e-07
16.38, 10, -8.19377e-07, -1.93123e-07
16.39, 10, -8.21308e-07, -1.72834e-07
16.4, 10, -8.23036e-07, -1.52917e-07
16.41, 10, -8.24566e-07, -1.33367e-07
16.42, 10, -8.25899e-07, -1.14182e-07
16.43, 10, -8.27041e-07, -9.53575e-08
16.44, 10, -8.27995e-07, -7.68905e-08
16.45, 10, -8.28764e-07, -5.87773e-08
16.46, 10, -8.29351e-07, -4.10146e-08
16.47, 10, -8.29761e-07, -2.35991e-08
16.48, 10, -8.29997e-07, -6.52735e-09
16.49, 10, -8.30063e-07, 1.02046e-08
16.5, 10, -8.29961e-07, 2.65996e-08
16.51, 10, -8.29695e-07, 4.26616e-08
16.52, 10, -8.29268e-07, 5.83936e-08
16.53, 10, -8.28684e-07, 7.37995e-08
16.54, 10, -8.27946e-07, 8.88823e-08
16.55, 10, -8.27057e-07, 1.03646e-07
16.56, 10, -8.26021e-07, 1.18093e-07
16.57, 10, -8.2484e-07, 1.32228e-07
16.58, 10, -8.23518e-07, 1.46054e-07
16.59, 10, -8.22057e-07, 1.59574e-07
16.6, 10, -8.20461e-07, 1.72792e-07
16.61, 10, -8.18733e-07, 1.85711e-07
16.62, 10, -8.16876e-07, 1.98334e-07
16.63, 10, -8.14893e-07, 2.10665e-07
16.64, 10, -8.12786e-07, 2.22708e-07
16.65, 10, -8.10559e-07, 2.34465e-07
16.66, 10, -8.08215e-07, 2.4594e-07
16.67, 10, -8.05755e-07, 2.57136e-07
16.68, 10, -8.03184e-07, 2.68057e-07
16.69, 10, -8.00503e-07, 2.78706e-07
16.7, 10, -7.97716e-07, 2.89086e-07
16.71, 10, -7.94825e-07, 2.99201e-07
16.72, 10, -7.91833e-07, 3.09053e-07
16.73, 10, -7.88743e-07, 3.18647e-07
16.74, 10, -7.85556e-07, 3.27986e-07
16.75, 10, -7.82276e-07, 3.37071e-07
16.76, 10, -7.78906e-07, 3.45908e-07
16.77, 10, -7.75447e-07, 3.54499e-07
16.78, 10, -7.71902e-07, 3.62847e-07
16.79, 10, -7.68273e-07, 3.70955e-07
16.8, 10, -7.64564e-07, 3.78828e-07
16.81, 10, -7.60775e-07, 3.86467e-07
16.82, 10, -7.56911e-07, 3.93876e-07
16.83, 10, -7.52972e-07, 4.01057e-07
16.84, 10, -7.48961e-07, 4.08015e-07
16.85, 10, -7.44881e-07, 4.14753e-07
16.86, 10, -7.40734e-07, 4.21272e-07
16.87, 10, -7.36521e-07, 4.27577e-07
16.88, 10, -7.32245e-07, 4.33671e-07
16.89, 10, -7.27909e-07, 4.39556e-07
16.9, 10, -7.23513e-07, 4.45235e-07
16.91, 10, -7.19061e-07, 4.50711e-07
16.92, 10, -7.14554e-07, 4.55988e-07
16.93, 10, -7.09994e-07, 4.61068e-07
16.94, 10, -7.05383e-07, 4.65954e-07
16.95, 10, -7.00723e-07, 4.7065e-07
16.96, 10, -6.96017e-07, 4.75157e-07
16.97, 10, -6.91265e-07, 4.79479e-07
16.98, 10, -6.86471e-07, 4.83619e-07
16.99, 10, -6.81634e-07, 4.87579e-07
17, 10, -6.76759e-07, 4.91363e-07
17.01, 10, -6.71845e-07, 4.94973e-07
17.02, 10, -6.66895e-07, 4.98411e-07
17.03, 10, -6.61911e-07, 5.01681e-07
17.04, 10, -6.56894e-07, 5.04785e-07
17.05, 10, -6.51846e-07, 5.07726e-07
17.06, 10, -6.46769e-07, 5.10507e-07
17.07, 10, -6.41664e-07, 5.13131e-07
17.08, 10, -6.36533e-07, 5.15599e-07
17.09, 10, -6.31377e-07, 5.17914e-07
17.1, 10, -6.26198e-07, 5.2008e-07
17.11, 10, -6.20997e-07, 5.22098e-07
17.12, 10, -6.15776e-07, 5.23972e-07
17.13, 10, -6.10536e-07, 5.25703e-07
17.14, 10, -6.05279e-07, 5.27295e-07
17.15, 10, -6.00006e-07, 5.28749e-07
17.16, 10, -5.94719e-07, 5.30068e-07
17.17, 10, -5.89418e-07, 5.31255e-07
17.18, 10, -5.84105e-07, 5.32312e-07
17.19, 10, -5.78782e-07, 5.33242e-07
17.2, 10, -5.7345e-07, 5.34046e-07
17.21, 10, -5.68109e-07, 5.34727e-07
17.22, 10, -5.62762e-07, 5.35288e-07
17.23, 10, -5.57409e-07, 5.3573e-07
17.24, 10, -5.52052e-07, 5.36057e-07
17.25, 10, -5.46691e-07, 5.36269e-07
17.26, 10, -5.41329e-07, 5.3637e-07
17.27, 10, -5.35965e-07, 5.36362e-07
17.28, 10, -5.30601e-07, 5.36247e-07
17.29, 10, -5.25239e-07, 5.36027e-07
17.3, 10, -5.19879e-07, 5.35704e-07
17.31, 10, -5.14522e-07, 5.3528e-07
17.32, 10, -5.09169e-07, 5.34758e-07
17.33, 10, -5.03821e-07, 5.3414e-07
17.34, 10, -4.9848e-07, 5.33426e-07
17.35, 10, -4.93146e-07, 5.32621e-07
17.36, 10, -4.87819e-07, 5.31725e-07
17.37, 10, -4.82502e-07, 5.3074e-07
17.38, 10, -4.77195e-07, 5.29669e-07
17.39, 10, -4.71898e-07, 5.28514e-07
17.4, 10, -4.66613e-07, 5.27276e-07
17.41, 10, -4.6134e-07, 5.25957e-07
17.42, 10, -4.56081e-07, 5.2456e-07
17.43, 10, -4.50835e-07, 5.23085e-07
17.44, 10, -4.45604e-07, 5.21535e-07
17.45, 10, -4.40389e-07, 5.19913e-07
17.46, 10, -4.3519e-07, 5.18218e-07
17.47, 10, -4.30007e-07, 5.16454e-07
17.48, 10, -4.24843e-07, 5.14622e-07
17.49, 10, -4.19697e-07, 5.12723e-07
17.5, 10, -4.1457e-07, 5.1076e-07
17.51, 10, -4.09462e-07, 5.08734e-07
17.52, 10, -4.04375e-07, 5.06647e-07
17.53, 10, -3.99308e-07, 5.045e-07
17.54, 10, -3.94263e-07, 5.02295e-07
17.55, 10, -3.8924e-07, 5.00034e-07
17.56, 10, -3.8424e-07, 4.97718e-07
17.57, 10, -3.79263e-07, 4.95349e-07
17.58, 10, -3.74309e-07, 4.92928e-07
17.59, 10, -3.6938e-07, 4.90458e-07
17.6, 10, -3.64475e-07, 4.87938e-07
17.61, 10, -3.59596e-07, 4.85371e-07
17.62, 10, -3.54742e-07, 4.82758e-07
17.63, 10, -3.49915e-07, 4.80102e-07
17.64, 10, -3.45114e-07, 4.77402e-07
17.65, 10, -3.4034e-07, 4.7466e-07
17.66, 10, -3.35593e-07, 4.71879e-07
17.67, 10, -3.30874e-07, 4.69059e-07
17.68, 10, -3.26184e-07, 4.66201e-07
17.69, 10, -3.21522e-07, 4.63308e-07
17.7, 10, -3.16888e-07, 4.6038e-07
17.71, 10, -3.12285e-07, 4.57418e-07
17.72, 10, -3.07711e-07, 4.54423e-07
17.73, 10, -3.03166e-07, 4.51398e-07
17.74, 10, -2.98652e-07, 4.48344e-07
17.75, 10, -2.94169e-07, 4.4526e-07
17.76, 10, -2.89716e-07, 4.42149e-07
17.77, 10, -2.85295e-07, 4.39012e-07
17.78, 10, -2.80905e-07, 4.3585e-07
17.79, 10, -2.76546e-07, 4.32664e-07
17.8, 10, -2.7222e-07, 4.29455e-07
17.81, 10, -2.67925e-07, 4.26224e-07
17.82, 10, -2.63663e-07, 4.22973e-07
17.83, 10, -2.59433e-07, 4.19702e-07
17.84, 10, -2.55236e-07, 4.16413e-07
17.85, 10, -2.51072e-07, 4.13106e-07
17.86, 10, -2.46941e-07, 4.09783e-07
17.87, 10, -2.42843e-07, 4.06444e-07
17.88, 10, -2.38778e-07, 4.03091e-07
17.89, 10, -2.34748e-07, 3.99724e-07
17.9, 10, -2.3075e-07, 3.96344e-07
17.91, 10, -2.26787e-07, 3.92953e-07
17.92, 10, -2.22857e-07, 3.89551e-07
17.93, 10, -2.18962e-07, 3.8614e-07
17.94, 10, -2.151e-07, 3.82719e-07
17.95, 10, -2.11273e-07, 3.7929e-07
17.96, 10, -2.0748e-07, 3.75854e-07
17.97, 10, -2.03722e-07, 3.72411e-07
17.98, 10, -1.99998e-07, 3.68963e-07
17.99, 10, -1.96308e-07, 3.6551e-07
18, 10, -1.92653e-07, 3.62053e-07
18.01, 10, -1.89032e-07, 3.58592e-07
18.02, 10, -1.85447e-07, 3.55129e-07
18.03, 10, -1.81895e-07, 3.51664e-07
18.04, 10, -1.78379e-07, 3.48199e-07
18.05, 10, -1.74897e-07, 3.44733e-07
18.06, 10, -1.71449e-07, 3.41267e-07
18.07, 10, -1.68037e-07, 3.37802e-07
18.08, 10, -1.64659e-07, 3.3434e-07
18.09, 10, -1.61315e-07, 3.30879e-07
18.1, 10, -1.58006e-07, 3.27422e-07
18.11, 10, -1.54732e-07, 3.23968e-07
18.12, 10, -1.51493e-07, 3.20518e-07
18.13, 10, -1.48287e-07, 3.17074e-07
18.14, 10, -1.45117e-07, 3.13635e-07
18.15, 10, -1.4198e-07, 3.10202e-07
18.16, 10, -1.38878e-07, 3.06775e-07
18.17, 10, -1.3581e-07, 3.03356e-07
18.18, 10, -1.32777e-07, 2.99944e-07
18.19, 10, -1.29777e-07, 2.96541e-07
18.2, 10, -1.26812e-07, 2.93146e-07
18.21, 10, -1.23881e-07, 2.89761e-07
18.22, 10, -1.20983e-07, 2.86385e-07
18.23, 10, -1.18119e-07, 2.8302e-07
18.24, 10, -1.15289e-07, 2.79665e-07
18.25, 10, -1.12492e-07, 2.76322e-07
18.26, 10, -1.09729e-07, 2.7299e-07
18.27, 10, -1.06999e-07, 2.6967e-07
18.28, 10, -1.04302e-07, 2.66363e-07
18.29, 10, -1.01639e-07, 2.63069e-07
18.3, 10, -9.90082e-08, 2.59787e-07
18.31, 10, -9.64103e-08, 2.5652e-07
18.32, 10, -9.38451e-08, 2.53266e-07
18.33, 10, -9.13124e-08, 2.50027e-07
18.34, 10, -8.88122e-08, 2.46803e-07
18.35, 10, -8.63441e-08, 2.43594e-07
18.36, 10, -8.39082e-08, 2.404e-07
18.37, 10, -8.15042e-08, 2.37222e-07
18.38, 10, -7.9132e-08, 2.3406e-07
18.39, 10, -7.67914e-08, 2.30915e-07
18.4, 10, -7.44822e-08, 2.27786e-07
18.41, 10, -7.22044e-08, 2.24674e-07
18.42, 10, -6.99576e-08, 2.2158e-07
18.43, 10, -6.77418e-08, 2.18504e-07
18.44, 10, -6.55568e-08, 2.15445e-07
18.45, 10, -6.34023e-08, 2.12404e-07
18.46, 10, -6.12783e-08, 2.09381e-07
18.47, 10, -5.91845e-08, 2.06377e-07
18.48, 10, -5.71207e-08, 2.03392e-07
18.49, 10, -5.50868e-08, 2.00426e-07
18.5, 10, -5.30825e-08, 1.97479e-07
18.51, 10, -5.11077e-08, 1.94552e-07
18.52, 10, -4.91622e-08, 1.91644e-07
18.53, 10, -4.72458e-08, 1.88756e-07
18.54, 10, -4.53582e-08, 1.85888e-07
18.55, 10, -4.34993e-08, 1.8304e-07
18.56, 10, -4.16689e-08, 1.80213e-07
18.57, 10, -3.98668e-08, 1.77406e-07
18.58, 10, -3.80928e-08, 1.7462e-07
18.59, 10, -3.63466e-08, 1.71854e-07
18.6, 10, -3.4628e-08, 1.6911e-07
18.61, 10, -3.29369e-08, 1.66386e-07
18.62, 10, -3.12731e-08, 1.63684e-07
18.63, 10, -2.96362e-08, 1.61003e-07
18.64, 10, -2.80262e-08, 1.58343e-07
18.65, 10, -2.64428e-08, 1.55706e-07
18.66, 10, -2.48857e-08, 1.53089e-07
18.67, 10, -2.33548e-08, 1.50494e-07
18.68, 10, -2.18499e-08, 1.47922e-07
18.69, 10, -2.03707e-08, 1.45371e-07
18.7, 10, -1.8917e-08, 1.42841e-07
18.71, 10, -1.74885e-08, 1.40334e-07
18.72, 10, -1.60852e-08, 1.37849e-07
18.73, 10, -1.47067e-08, 1.35386e-07
18.74, 10, -1.33528e-08, 1.32946e-07
18.75, 10, -1.20234e-08, 1.30528e-07
18.76, 10, -1.07181e-08, 1.28131e-07
18.77, 10, -9.43679e-09, 1.25757e-07
18.78, 10, -8.17921e-09, 1.23406e-07
18.79, 10, -6.94516e-09, 1.21077e-07
18.8, 10, -5.73439e-09, 1.1877e-07
18.81, 10, -4.54669e-09, 1.16485e-07
18.82, 10, -3.38184e-09, 1.14223e-07
18.83, 10, -2.23961e-09, 1.11984e-07
18.84, 10, -1.11977e-09, 1.09766e-07
18.85, 10, -2.21096e-11, 1.07571e-07
18.86, 10, 1.0536e-09, 1.05399e-07
18.87, 10, 2.10759e-09, 1.03249e-07
18.88, 10, 3.14008e-09, 1.01121e-07
18.89, 10, 4.15129e-09, 9.90154e-08
18.9, 10, 5.14144e-09, 9.69322e-08
18.91, 10, 6.11076e-09, 9.48713e-08
18.92, 10, 7.05948e-09, 9.2833e-08
18.93, 10, 7.9878e-09, 9.08166e-08
18.94, 10, 8.89597e-09, 8.88221e-08
18.95, 10, 9.78419e-09, 8.68501e-08
18.96, 10, 1.06527e-08, 8.49001e-08
18.97, 10, 1.15017e-08, 8.29719e-08
18.98, 10, 1.23314e-08, 8.10658e-08
18.99, 10, 1.31421e-08, 7.91819e-08
19, 10, 1.39339e-08, 7.73194e-08
19.01, 10, 1.47071e-08, 7.54787e-08
19.02, 10, 1.54619e-08, 7.36599e-08
19.03, 10, 1.61985e-08, 7.1863e-08
19.04, 10, 1.69171e-08, 7.00873e-08
19.05, 10, 1.7618e-08, 6.83333e-08
19.06, 10, 1.83013e-08, 6.66006e-08
19.07, 10, 1.89673e-08, 6.48893e-08
19.08, 10, 1.96162e-08, 6.31992e-08
19.09, 10, 2.02482e-08, 6.15302e-08
19.1, 10, 2.08635e-08, 5.98823e-08
19.11, 10, 2.14623e-08, 5.82554e-08
19.12, 10, 2.20449e-08, 5.66492e-08
19.13, 10, 2.26114e-08, 5.5064e-08
19.14, 10, 2.3162e-08, 5.34994e-08
19.15, 10, 2.3697e-08, 5.19558e-08
19.16, 10, 2.42166e-08, 5.04323e-08
19.17, 10, 2.47209e-08, 4.89292e-08
19.18, 10, 2.52102e-08, 4.74463e-08
19.19, 10, 2.56846e-08, 4.59836e-08
19.2, 10, 2.61445e-08, 4.45413e-08
19.21, 10, 2.65899e-08, 4.31185e-08
19.22, 10, 2.70211e-08, 4.17158e-08
19.23, 10, 2.74382e-08, 4.03325e-08
19.24, 10, 2.78416e-08, 3.89692e-08
19.25, 10, 2.82312e-08, 3.76251e-08
19.26, 10, 2.86075e-08, 3.63005e-08
19.27, 10, 2.89705e-08, 3.49953e-08
19.28, 10, 2.93205e-08, 3.37086e-08
19.29, 10, 2.96575e-08, 3.24415e-08
19.3, 10, 2.9982e-08, 3.11932e-08
19.31, 10, 3.02939e-08, 2.99634e-08
19.32, 10, 3.05935e-08, 2.87522e-08
19.33, 10, 3.0881e-08, 2.75594e-08
19.34, 10, 3.11566e-08, 2.63853e-08
19.35, 10, 3.14205e-08, 2.52289e-08
19.36, 10, 3.16728e-08, 2.4091e-08
19.37, 10, 3.19137e-08, 2.2971e-08
19.38, 10, 3.21434e-08, 2.18687e-08
19.39, 10, 3.23621e-08, 2.07842e-08
19.4, 10, 3.25699e-08, 1.97171e-08
19.41, 10, 3.27671e-08, 1.86674e-08
19.42, 10, 3.29538e-08, 1.76349e-08
19.43, 10, 3.31301e-08, 1.66195e-08
19.44, 10, 3.32963e-08, 1.56211e-08
19.45, 10, 3.34525e-08, 1.46397e-08
19.46, 10, 3.35989e-08, 1.3675e-08
19.47, 10, 3.37357e-08, 1.27268e-08
19.48, 10, 3.38629e-08, 1.17951e-08
19.49, 10, 3.39809e-08, 1.08796e-08
19.5, 10, 3.40897e-08, 9.98003e-09
19.51, 10, 3.41895e-08, 9.09658e-09
19.52, 10, 3.42805e-08, 8.22907e-09
19.53, 10, 3.43628e-08, 7.37732e-09
19.54, 10, 3.44365e-08, 6.54116e-09
19.55, 10, 3.45019e-08, 5.72002e-09
19.56, 10, 3.45591e-08, 4.91444e-09
19.57, 10, 3.46083e-08, 4.12422e-09
19.58, 10, 3.46495e-08, 3.34881e-09
19.59, 10, 3.4683e-08, 2.588e-09
19.6, 10, 3.47089e-08, 1.84195e-09
19.61, 10, 3.47273e-08, 1.11082e-09
19.62, 10, 3.47384e-08, 3.93666e-10
19.63, 10, 3.47424e-08, -3.08997e-10
19.64, 10, 3.47393e-08, -9.97744e-10
19.65, 10, 3.47293e-08, -1.67244e-09
19.66, 10, 3.47126e-08, -2.33294e-09
19.67, 10, 3.46892e-08, -2.98018e-09
19.68, 10, 3.46594e-08, -3.61368e-09
19.69, 10, 3.46233e-08, -4.23403e-09
19.7, 10, 3.4581e-08, -4.84074e-09
19.71, 10, 3.45326e-08, -5.43475e-09
19.72, 10, 3.44782e-08, -6.0156e-09
19.73, 10, 3.4418e-08, -6.58353e-09
19.74, 10, 3.43522e-08, -7.13912e-09
19.75, 10, 3.42808e-08, -7.68192e-09
19.76, 10, 3.4204e-08, -8.21217e-09
19.77, 10, 3.41219e-08, -8.73047e-09
19.78, 10, 3.40346e-08, -9.23672e-09
19.79, 10, 3.39422e-08, -9.73083e-09
19.8, 10, 3.38449e-08, -1.0213e-08
19.81, 10, 3.37428e-08, -1.06836e-08
19.82, 10, 3.36359e-08, -1.11425e-08
19.83, 10, 3.35245e-08, -1.15902e-08
19.84, 10, 3.34086e-08, -1.20267e-08
19.85, 10, 3.32883e-08, -1.2452e-08
19.86, 10, 3.31638e-08, -1.28662e-08
19.87, 10, 3.30352e-08, -1.32693e-08
19.88, 10, 3.29025e-08, -1.3662e-08
19.89, 10, 3.27658e-08, -1.40441e-08
19.9, 10, 3.26254e-08, -1.4416e-08
19.91, 10, 3.24812e-08, -1.47771e-08
19.92, 10, 3.23335e-08, -1.51282e-08
19.93, 10, 3.21822e-08, -1.54695e-08
19.94, 10, 3.20275e-08, -1.58006e-08
19.95, 10, 3.18695e-08, -1.61218e-08
19.96, 10, 3.17083e-08, -1.64337e-08
19.97, 10, 3.15439e-08, -1.6736e-08
19.98, 10, 3.13766e-08, -1.70285e-08
19.99, 10, 3.12063e-08, -1.73123e-08