========================================
Experiment: PD Controller + Spring Mass Damper
========================================

Simulation Parameters
---------------------
Target Position : 10.0 m
Simulation Time : 20.0 s
Time Step (dt) : 0.01 s

Controller
----------
Kp : 2.0
Kd : 2.0

Plant
-----
Mass : 1.0 kg
Spring Constant : 2.0
Damping Coefficient : 1.0

Observed Results
----------------
- Position converges to the target.
- The position settled at 5.0 m instead of the 10.0 m target
- Maximum observed position: 5.00
- A steady-state error of  5.0 m remained.
- PD control is not effective for removing steady-state error for spring mass damper

Explanation
-----------
At equilibrium, the velocity and acceleration become zero. The controller output (Kp × error) balances the spring restoring force (k × x). Since this balance occurs before the target position is reached, the error remains non-zero, resulting in a steady-state error.

Logs
----
time,position,velocity,controller_output
0, 0, 0, 20
0.01, 0.002, 0.2, 19.596
0.02, 0.0059392, 0.39392, 19.2003
0.03, 0.0117578, 0.581865, 18.8128
0.04, 0.0193972, 0.763939, 18.4333
0.05, 0.0287997, 0.940245, 18.0619
0.06, 0.0399085, 1.11089, 17.6984
0.07, 0.0526682, 1.27596, 17.3427
0.08, 0.0670239, 1.43558, 16.9948
0.09, 0.0829222, 1.58983, 16.6545
0.1, 0.10031, 1.73882, 16.3217
0.11, 0.119137, 1.88264, 15.9964
0.12, 0.139351, 2.0214, 15.6785
0.13, 0.160903, 2.15518, 15.3678
0.14, 0.183743, 2.28409, 15.0643
0.15, 0.207826, 2.40822, 14.7679
0.16, 0.233102, 2.52766, 14.4785
0.17, 0.259527, 2.6425, 14.1959
0.18, 0.287056, 2.75285, 13.9202
0.19, 0.315643, 2.85878, 13.6512
0.2, 0.345247, 2.96039, 13.3887
0.21, 0.375825, 3.05777, 13.1328
0.22, 0.407335, 3.151, 12.8833
0.23, 0.439737, 3.24018, 12.6402
0.24, 0.472991, 3.32538, 12.4033
0.25, 0.507058, 3.4067, 12.1725
0.26, 0.5419, 3.48422, 11.9478
0.27, 0.57748, 3.55802, 11.729
0.28, 0.613762, 3.62818, 11.5161
0.29, 0.65071, 3.69478, 11.309
0.3, 0.688289, 3.75791, 11.1076
0.31, 0.726465, 3.81764, 10.9118
0.32, 0.765206, 3.87405, 10.7215
0.33, 0.804478, 3.92722, 10.5366
0.34, 0.84425, 3.97723, 10.357
0.35, 0.884491, 4.02414, 10.1827
0.36, 0.925172, 4.06804, 10.0136
0.37, 0.966262, 4.10899, 9.8495
0.38, 1.00773, 4.14707, 9.6904
0.39, 1.04956, 4.18235, 9.53619
0.4, 1.0917, 4.21489, 9.3868
0.41, 1.13415, 4.24478, 9.24214
0.42, 1.17687, 4.27207, 9.10211
0.43, 1.21984, 4.29683, 8.96665
0.44, 1.26303, 4.31913, 8.83567
0.45, 1.30642, 4.33904, 8.70908
0.46, 1.34999, 4.35661, 8.5868
0.47, 1.39371, 4.37191, 8.46876
0.48, 1.43756, 4.38501, 8.35487
0.49, 1.48152, 4.39595, 8.24505
0.5, 1.52557, 4.40482, 8.13924
0.51, 1.56968, 4.41165, 8.03734
0.52, 1.61385, 4.41651, 7.93928
0.53, 1.65804, 4.41946, 7.84499
0.54, 1.70225, 4.42056, 7.75439
0.55, 1.74645, 4.41985, 7.66741
0.56, 1.79062, 4.4174, 7.58397
0.57, 1.83475, 4.41325, 7.50399
0.58, 1.87883, 4.40746, 7.42742
0.59, 1.92283, 4.40009, 7.35417
0.6, 1.96674, 4.39117, 7.28418
0.61, 2.01055, 4.38076, 7.21737
0.62, 2.05424, 4.36892, 7.15369
0.63, 2.09779, 4.35568, 7.09305
0.64, 2.1412, 4.3411, 7.03539
0.65, 2.18446, 4.32522, 6.98065
0.66, 2.22754, 4.30808, 6.92876
0.67, 2.27044, 4.28974, 6.87965
0.68, 2.31314, 4.27023, 6.83326
0.69, 2.35563, 4.2496, 6.78954
0.7, 2.39791, 4.22789, 6.7484
0.71, 2.43996, 4.20513, 6.70981
0.72, 2.48178, 4.18138, 6.67369
0.73, 2.52334, 4.15667, 6.63998
0.74, 2.56465, 4.13103, 6.60862
0.75, 2.6057, 4.10452, 6.57957
0.76, 2.64647, 4.07715, 6.55275
0.77, 2.68696, 4.04898, 6.52812
0.78, 2.72716, 4.02003, 6.50561
0.79, 2.76706, 3.99034, 6.48518
0.8, 2.80666, 3.95995, 6.46677
0.81, 2.84595, 3.92889, 6.45032
0.82, 2.88493, 3.89718, 6.43579
0.83, 2.92357, 3.86487, 6.42312
0.84, 2.96189, 3.83198, 6.41225
0.85, 2.99988, 3.79854, 6.40315
0.86, 3.03752, 3.76459, 6.39576
0.87, 3.07483, 3.73015, 6.39004
0.88, 3.11178, 3.69526, 6.38593
0.89, 3.14838, 3.65993, 6.38339
0.9, 3.18462, 3.62419, 6.38237
0.91, 3.2205, 3.58808, 6.38283
0.92, 3.25602, 3.55162, 6.38472
0.93, 3.29117, 3.51483, 6.388
0.94, 3.32594, 3.47774, 6.39263
0.95, 3.36035, 3.44037, 6.39857
0.96, 3.39437, 3.40275, 6.40576
0.97, 3.42802, 3.36489, 6.41418
0.98, 3.46129, 3.32682, 6.42378
0.99, 3.49418, 3.28856, 6.43452
1, 3.52668, 3.25014, 6.44636
1.01, 3.55879, 3.21157, 6.45927
1.02, 3.59052, 3.17287, 6.47321
1.03, 3.62186, 3.13406, 6.48815
1.04, 3.65282, 3.09517, 6.50404
1.05, 3.68338, 3.0562, 6.52085
1.06, 3.71355, 3.01718, 6.53855
1.07, 3.74333, 2.97812, 6.5571
1.08, 3.77272, 2.93904, 6.57647
1.09, 3.80172, 2.89996, 6.59663
1.1, 3.83033, 2.8609, 6.61755
1.11, 3.85855, 2.82186, 6.63919
1.12, 3.88638, 2.78286, 6.66153
1.13, 3.91382, 2.74392, 6.68453
1.14, 3.94087, 2.70505, 6.70817
1.15, 3.96753, 2.66626, 6.73242
1.16, 3.9938, 2.62757, 6.75725
1.17, 4.01969, 2.58899, 6.78263
1.18, 4.0452, 2.55054, 6.80853
1.19, 4.07032, 2.51221, 6.83493
1.2, 4.09506, 2.47403, 6.86181
1.21, 4.11942, 2.43601, 6.88914
1.22, 4.1434, 2.39815, 6.91689
1.23, 4.16701, 2.36047, 6.94504
1.24, 4.19024, 2.32298, 6.97357
1.25, 4.21309, 2.28568, 7.00245
1.26, 4.23558, 2.24858, 7.03167
1.27, 4.2577, 2.2117, 7.0612
1.28, 4.27945, 2.17504, 7.09102
1.29, 4.30083, 2.13861, 7.1211
1.3, 4.32186, 2.10242, 7.15144
1.31, 4.34252, 2.06648, 7.182
1.32, 4.36283, 2.03078, 7.21278
1.33, 4.38278, 1.99534, 7.24374
1.34, 4.40239, 1.96017, 7.27488
1.35, 4.42164, 1.92527, 7.30618
1.36, 4.44055, 1.89065, 7.33761
1.37, 4.45911, 1.85631, 7.36917
1.38, 4.47733, 1.82225, 7.40083
1.39, 4.49522, 1.78849, 7.43258
1.4, 4.51277, 1.75503, 7.46441
1.41, 4.52998, 1.72187, 7.4963
1.42, 4.54688, 1.68901, 7.52823
1.43, 4.56344, 1.65647, 7.56019
1.44, 4.57968, 1.62424, 7.59217
1.45, 4.59561, 1.59232, 7.62415
1.46, 4.61121, 1.56073, 7.65612
1.47, 4.62651, 1.52946, 7.68807
1.48, 4.64149, 1.49851, 7.71999
1.49, 4.65617, 1.4679, 7.75186
1.5, 4.67055, 1.43761, 7.78368
1.51, 4.68462, 1.40766, 7.81543
1.52, 4.6984, 1.37805, 7.84709
1.53, 4.71189, 1.34877, 7.87867
1.54, 4.72509, 1.31983, 7.91015
1.55, 4.738, 1.29123, 7.94153
1.56, 4.75063, 1.26298, 7.97278
1.57, 4.76298, 1.23506, 8.00391
1.58, 4.77506, 1.20749, 8.0349
1.59, 4.78686, 1.18026, 8.06575
1.6, 4.79839, 1.15338, 8.09645
1.61, 4.80966, 1.12684, 8.12699
1.62, 4.82067, 1.10065, 8.15736
1.63, 4.83142, 1.07481, 8.18755
1.64, 4.84191, 1.04931, 8.21757
1.65, 4.85215, 1.02415, 8.2474
1.66, 4.86215, 0.999339, 8.27703
1.67, 4.87189, 0.974873, 8.30647
1.68, 4.8814, 0.950751, 8.33569
1.69, 4.89067, 0.926972, 8.36471
1.7, 4.89971, 0.903536, 8.39351
1.71, 4.90851, 0.880442, 8.42209
1.72, 4.91709, 0.857688, 8.45045
1.73, 4.92544, 0.835274, 8.47857
1.74, 4.93357, 0.813198, 8.50646
1.75, 4.94149, 0.791459, 8.53411
1.76, 4.94919, 0.770056, 8.56151
1.77, 4.95668, 0.748987, 8.58867
1.78, 4.96396, 0.72825, 8.61558
1.79, 4.97104, 0.707844, 8.64223
1.8, 4.97792, 0.687767, 8.66863
1.81, 4.9846, 0.668018, 8.69477
1.82, 4.99108, 0.648593, 8.72065
1.83, 4.99738, 0.629492, 8.74626
1.84, 5.00348, 0.610712, 8.77161
1.85, 5.00941, 0.592252, 8.79668
1.86, 5.01515, 0.574108, 8.82149
1.87, 5.02071, 0.556279, 8.84602
1.88, 5.0261, 0.538762, 8.87028
1.89, 5.03131, 0.521555, 8.89426
1.9, 5.03636, 0.504656, 8.91797
1.91, 5.04124, 0.488062, 8.94139
1.92, 5.04596, 0.47177, 8.96454
1.93, 5.05052, 0.455779, 8.98741
1.94, 5.05492, 0.440085, 9.01
1.95, 5.05916, 0.424685, 9.0323
1.96, 5.06326, 0.409578, 9.05432
1.97, 5.06721, 0.39476, 9.07606
1.98, 5.07101, 0.380229, 9.09752
1.99, 5.07467, 0.365982, 9.1187
2, 5.07819, 0.352016, 9.13959
2.01, 5.08157, 0.338328, 9.1602
2.02, 5.08482, 0.324915, 9.18052
2.03, 5.08794, 0.311775, 9.20057
2.04, 5.09093, 0.298904, 9.22033
2.05, 5.09379, 0.286299, 9.23982
2.06, 5.09653, 0.273959, 9.25902
2.07, 5.09915, 0.261879, 9.27794
2.08, 5.10165, 0.250056, 9.29658
2.09, 5.10404, 0.238489, 9.31495
2.1, 5.10631, 0.227172, 9.33304
2.11, 5.10847, 0.216105, 9.35085
2.12, 5.11052, 0.205283, 9.36839
2.13, 5.11247, 0.194704, 9.38565
2.14, 5.11431, 0.184364, 9.40265
2.15, 5.11606, 0.17426, 9.41937
2.16, 5.1177, 0.16439, 9.43582
2.17, 5.11925, 0.154751, 9.45201
2.18, 5.1207, 0.145338, 9.46792
2.19, 5.12206, 0.13615, 9.48358
2.2, 5.12333, 0.127183, 9.49897
2.21, 5.12452, 0.118434, 9.5141
2.22, 5.12562, 0.109901, 9.52897
2.23, 5.12663, 0.101579, 9.54358
2.24, 5.12757, 0.0934663, 9.55793
2.25, 5.12842, 0.0855597, 9.57204
2.26, 5.1292, 0.077856, 9.58589
2.27, 5.1299, 0.0703522, 9.59949
2.28, 5.13054, 0.0630455, 9.61284
2.29, 5.13109, 0.0559327, 9.62595
2.3, 5.13158, 0.049011, 9.63881
2.31, 5.13201, 0.0422772, 9.65143
2.32, 5.13236, 0.0357286, 9.66381
2.33, 5.13266, 0.0293622, 9.67596
2.34, 5.13289, 0.023175, 9.68787
2.35, 5.13306, 0.0171641, 9.69955
2.36, 5.13317, 0.0113267, 9.711
2.37, 5.13323, 0.00565994, 9.72222
2.38, 5.13323, 0.00016088, 9.73321
2.39, 5.13318, -0.00517327, 9.74398
2.4, 5.13308, -0.0103453, 9.75453
2.41, 5.13292, -0.0153581, 9.76487
2.42, 5.13272, -0.0202143, 9.77498
2.43, 5.13247, -0.0249168, 9.78489
2.44, 5.13218, -0.0294682, 9.79458
2.45, 5.13184, -0.0338713, 9.80406
2.46, 5.13146, -0.0381287, 9.81334
2.47, 5.13104, -0.0422432, 9.82241
2.48, 5.13057, -0.0462174, 9.83129
2.49, 5.13007, -0.0500538, 9.83996
2.5, 5.12954, -0.0537551, 9.84844
2.51, 5.12896, -0.0573239, 9.85672
2.52, 5.12835, -0.0607627, 9.86482
2.53, 5.12771, -0.064074, 9.87272
2.54, 5.12704, -0.0672603, 9.88044
2.55, 5.12634, -0.0703242, 9.88797
2.56, 5.12561, -0.073268, 9.89532
2.57, 5.12484, -0.0760942, 9.9025
2.58, 5.12406, -0.0788051, 9.9095
2.59, 5.12324, -0.0814032, 9.91632
2.6, 5.1224, -0.0838908, 9.92297
2.61, 5.12154, -0.0862703, 9.92946
2.62, 5.12066, -0.0885438, 9.93578
2.63, 5.11975, -0.0907137, 9.94193
2.64, 5.11882, -0.0927822, 9.94792
2.65, 5.11787, -0.0947516, 9.95376
2.66, 5.11691, -0.096624, 9.95943
2.67, 5.11592, -0.0984015, 9.96496
2.68, 5.11492, -0.100086, 9.97033
2.69, 5.11391, -0.101681, 9.97555
2.7, 5.11287, -0.103186, 9.98063
2.71, 5.11183, -0.104606, 9.98556
2.72, 5.11077, -0.105941, 9.99035
2.73, 5.1097, -0.107193, 9.99499
2.74, 5.10861, -0.108365, 9.99951
2.75, 5.10752, -0.109459, 10.0039
2.76, 5.10641, -0.110476, 10.0081
2.77, 5.1053, -0.111418, 10.0122
2.78, 5.10418, -0.112287, 10.0162
2.79, 5.10304, -0.113086, 10.0201
2.8, 5.10191, -0.113815, 10.0238
2.81, 5.10076, -0.114477, 10.0274
2.82, 5.09961, -0.115073, 10.0309
2.83, 5.09846, -0.115605, 10.0343
2.84, 5.09729, -0.116075, 10.0376
2.85, 5.09613, -0.116485, 10.0407
2.86, 5.09496, -0.116835, 10.0437
2.87, 5.09379, -0.117129, 10.0467
2.88, 5.09262, -0.117367, 10.0495
2.89, 5.09144, -0.11755, 10.0522
2.9, 5.09026, -0.117681, 10.0548
2.91, 5.08909, -0.117761, 10.0574
2.92, 5.08791, -0.117792, 10.0598
2.93, 5.08673, -0.117775, 10.0621
2.94, 5.08555, -0.117711, 10.0643
2.95, 5.08438, -0.117601, 10.0664
2.96, 5.0832, -0.117449, 10.0685
2.97, 5.08203, -0.117253, 10.0704
2.98, 5.08086, -0.117017, 10.0723
2.99, 5.07969, -0.116741, 10.0741
3, 5.07853, -0.116426, 10.0758
3.01, 5.07737, -0.116075, 10.0774
3.02, 5.07621, -0.115687, 10.079
3.03, 5.07506, -0.115265, 10.0804
3.04, 5.07391, -0.114809, 10.0818
3.05, 5.07277, -0.114321, 10.0831
3.06, 5.07163, -0.113802, 10.0843
3.07, 5.0705, -0.113254, 10.0855
3.08, 5.06937, -0.112676, 10.0866
3.09, 5.06825, -0.11207, 10.0876
3.1, 5.06713, -0.111438, 10.0886
3.11, 5.06603, -0.11078, 10.0895
3.12, 5.06493, -0.110098, 10.0903
3.13, 5.06383, -0.109392, 10.0911
3.14, 5.06275, -0.108664, 10.0918
3.15, 5.06167, -0.107914, 10.0925
3.16, 5.06059, -0.107143, 10.0931
3.17, 5.05953, -0.106352, 10.0936
3.18, 5.05848, -0.105543, 10.0941
3.19, 5.05743, -0.104716, 10.0946
3.2, 5.05639, -0.103871, 10.095
3.21, 5.05536, -0.103011, 10.0953
3.22, 5.05434, -0.102135, 10.0956
3.23, 5.05333, -0.101245, 10.0958
3.24, 5.05232, -0.10034, 10.096
3.25, 5.05133, -0.0994229, 10.0962
3.26, 5.05034, -0.0984934, 10.0963
3.27, 5.04937, -0.0975523, 10.0964
3.28, 5.0484, -0.0966005, 10.0964
3.29, 5.04745, -0.0956385, 10.0964
3.3, 5.0465, -0.0946672, 10.0963
3.31, 5.04556, -0.0936872, 10.0963
3.32, 5.04464, -0.092699, 10.0961
3.33, 5.04372, -0.0917035, 10.096
3.34, 5.04281, -0.0907011, 10.0958
3.35, 5.04191, -0.0896925, 10.0956
3.36, 5.04103, -0.0886783, 10.0953
3.37, 5.04015, -0.087659, 10.095
3.38, 5.03928, -0.0866353, 10.0947
3.39, 5.03843, -0.0856076, 10.0944
3.4, 5.03758, -0.0845765, 10.094
3.41, 5.03675, -0.0835425, 10.0936
3.42, 5.03592, -0.0825061, 10.0932
3.43, 5.03511, -0.0814678, 10.0927
3.44, 5.0343, -0.0804281, 10.0922
3.45, 5.03351, -0.0793874, 10.0918
3.46, 5.03273, -0.0783461, 10.0912
3.47, 5.03195, -0.0773048, 10.0907
3.48, 5.03119, -0.0762637, 10.0901
3.49, 5.03044, -0.0752234, 10.0896
3.5, 5.0297, -0.0741842, 10.089
3.51, 5.02896, -0.0731466, 10.0884
3.52, 5.02824, -0.0721107, 10.0877
3.53, 5.02753, -0.0710772, 10.0871
3.54, 5.02683, -0.0700462, 10.0864
3.55, 5.02614, -0.0690181, 10.0858
3.56, 5.02546, -0.0679932, 10.0851
3.57, 5.02479, -0.0669719, 10.0844
3.58, 5.02413, -0.0659544, 10.0836
3.59, 5.02348, -0.0649411, 10.0829
3.6, 5.02284, -0.0639322, 10.0822
3.61, 5.02221, -0.062928, 10.0814
3.62, 5.0216, -0.0619288, 10.0807
3.63, 5.02099, -0.0609347, 10.0799
3.64, 5.02039, -0.0599461, 10.0791
3.65, 5.0198, -0.0589632, 10.0783
3.66, 5.01922, -0.0579862, 10.0775
3.67, 5.01865, -0.0570153, 10.0767
3.68, 5.01809, -0.0560507, 10.0759
3.69, 5.01754, -0.0550927, 10.0751
3.7, 5.01699, -0.0541413, 10.0743
3.71, 5.01646, -0.0531969, 10.0735
3.72, 5.01594, -0.0522594, 10.0726
3.73, 5.01543, -0.0513292, 10.0718
3.74, 5.01492, -0.0504064, 10.071
3.75, 5.01443, -0.0494911, 10.0701
3.76, 5.01394, -0.0485835, 10.0693
3.77, 5.01346, -0.0476836, 10.0684
3.78, 5.013, -0.0467917, 10.0676
3.79, 5.01254, -0.0459078, 10.0667
3.8, 5.01209, -0.0450321, 10.0659
3.81, 5.01165, -0.0441647, 10.065
3.82, 5.01121, -0.0433055, 10.0642
3.83, 5.01079, -0.0424549, 10.0633
3.84, 5.01037, -0.0416128, 10.0625
3.85, 5.00996, -0.0407793, 10.0616
3.86, 5.00956, -0.0399545, 10.0608
3.87, 5.00917, -0.0391384, 10.0599
3.88, 5.00879, -0.0383312, 10.0591
3.89, 5.00841, -0.0375329, 10.0582
3.9, 5.00805, -0.0367435, 10.0574
3.91, 5.00769, -0.0359631, 10.0566
3.92, 5.00734, -0.0351917, 10.0557
3.93, 5.00699, -0.0344293, 10.0549
3.94, 5.00665, -0.0336761, 10.054
3.95, 5.00633, -0.032932, 10.0532
3.96, 5.006, -0.0321971, 10.0524
3.97, 5.00569, -0.0314713, 10.0516
3.98, 5.00538, -0.0307547, 10.0507
3.99, 5.00508, -0.0300473, 10.0499
4, 5.00479, -0.0293491, 10.0491
4.01, 5.0045, -0.0286601, 10.0483
4.02, 5.00422, -0.0279803, 10.0475
4.03, 5.00395, -0.0273098, 10.0467
4.04, 5.00368, -0.0266484, 10.0459
4.05, 5.00342, -0.0259962, 10.0451
4.06, 5.00317, -0.0253531, 10.0444
4.07, 5.00292, -0.0247192, 10.0436
4.08, 5.00268, -0.0240945, 10.0428
4.09, 5.00244, -0.0234788, 10.0421
4.1, 5.00222, -0.0228723, 10.0413
4.11, 5.00199, -0.0222747, 10.0406
4.12, 5.00178, -0.0216862, 10.0398
4.13, 5.00157, -0.0211067, 10.0391
4.14, 5.00136, -0.0205361, 10.0384
4.15, 5.00116, -0.0199744, 10.0376
4.16, 5.00097, -0.0194216, 10.0369
4.17, 5.00078, -0.0188776, 10.0362
4.18, 5.00059, -0.0183424, 10.0355
4.19, 5.00042, -0.0178158, 10.0348
4.2, 5.00024, -0.017298, 10.0341
4.21, 5.00007, -0.0167888, 10.0334
4.22, 4.99991, -0.0162881, 10.0328
4.23, 4.99975, -0.0157959, 10.0321
4.24, 4.9996, -0.0153122, 10.0314
4.25, 4.99945, -0.0148369, 10.0308
4.26, 4.99931, -0.0143699, 10.0301
4.27, 4.99917, -0.0139111, 10.0295
4.28, 4.99904, -0.0134606, 10.0289
4.29, 4.9989, -0.0130181, 10.0282
4.3, 4.99878, -0.0125838, 10.0276
4.31, 4.99866, -0.0121574, 10.027
4.32, 4.99854, -0.011739, 10.0264
4.33, 4.99843, -0.0113285, 10.0258
4.34, 4.99832, -0.0109257, 10.0252
4.35, 4.99821, -0.0105306, 10.0246
4.36, 4.99811, -0.0101432, 10.0241
4.37, 4.99801, -0.00976331, 10.0235
4.38, 4.99792, -0.00939093, 10.0229
4.39, 4.99783, -0.00902598, 10.0224
4.4, 4.99774, -0.00866836, 10.0219
4.41, 4.99766, -0.008318, 10.0213
4.42, 4.99758, -0.00797482, 10.0208
4.43, 4.9975, -0.00763875, 10.0203
4.44, 4.99743, -0.00730971, 10.0198
4.45, 4.99736, -0.00698761, 10.0193
4.46, 4.99729, -0.00667238, 10.0188
4.47, 4.99723, -0.00636394, 10.0183
4.48, 4.99717, -0.00606221, 10.0178
4.49, 4.99711, -0.00576711, 10.0173
4.5, 4.99706, -0.00547855, 10.0168
4.51, 4.997, -0.00519645, 10.0164
4.52, 4.99696, -0.00492074, 10.0159
4.53, 4.99691, -0.00465134, 10.0155
4.54, 4.99686, -0.00438815, 10.015
4.55, 4.99682, -0.00413111, 10.0146
4.56, 4.99678, -0.00388012, 10.0142
4.57, 4.99675, -0.00363511, 10.0138
4.58, 4.99671, -0.003396, 10.0134
4.59, 4.99668, -0.00316271, 10.013
4.6, 4.99665, -0.00293514, 10.0126
4.61, 4.99663, -0.00271323, 10.0122
4.62, 4.9966, -0.00249689, 10.0118
4.63, 4.99658, -0.00228605, 10.0114
4.64, 4.99656, -0.00208061, 10.011
4.65, 4.99654, -0.00188051, 10.0107
4.66, 4.99652, -0.00168565, 10.0103
4.67, 4.99651, -0.00149597, 10.01
4.68, 4.99649, -0.00131138, 10.0096
4.69, 4.99648, -0.0011318, 10.0093
4.7, 4.99647, -0.000957157, 10.009
4.71, 4.99647, -0.000787371, 10.0086
4.72, 4.99646, -0.000622363, 10.0083
4.73, 4.99645, -0.000462056, 10.008
4.74, 4.99645, -0.000306374, 10.0077
4.75, 4.99645, -0.00015524, 10.0074
4.76, 4.99645, -8.57763e-06, 10.0071
4.77, 4.99645, 0.000133688, 10.0068
4.78, 4.99645, 0.000271633, 10.0065
4.79, 4.99646, 0.00040533, 10.0063
4.8, 4.99646, 0.000534855, 10.006
4.81, 4.99647, 0.000660279, 10.0057
4.82, 4.99648, 0.000781677, 10.0055
4.83, 4.99649, 0.00089912, 10.0052
4.84, 4.9965, 0.00101268, 10.005
4.85, 4.99651, 0.00112243, 10.0047
4.86, 4.99652, 0.00122844, 10.0045
4.87, 4.99653, 0.00133077, 10.0043
4.88, 4.99655, 0.0014295, 10.004
4.89, 4.99656, 0.0015247, 10.0038
4.9, 4.99658, 0.00161644, 10.0036
4.91, 4.9966, 0.00170477, 10.0034
4.92, 4.99661, 0.00178978, 10.0032
4.93, 4.99663, 0.00187151, 10.003
4.94, 4.99665, 0.00195005, 10.0028
4.95, 4.99667, 0.00202545, 10.0026
4.96, 4.99669, 0.00209778, 10.0024
4.97, 4.99672, 0.0021671, 10.0022
4.98, 4.99674, 0.00223347, 10.0021
4.99, 4.99676, 0.00229696, 10.0019
5, 4.99678, 0.00235762, 10.0017
5.01, 4.99681, 0.00241552, 10.0016
5.02, 4.99683, 0.00247072, 10.0014
5.03, 4.99686, 0.00252327, 10.0012
5.04, 4.99688, 0.00257324, 10.0011
5.05, 4.99691, 0.00262068, 10.0009
5.06, 4.99694, 0.00266565, 10.0008
5.07, 4.99696, 0.0027082, 10.0007
5.08, 4.99699, 0.0027484, 10.0005
5.09, 4.99702, 0.00278628, 10.0004
5.1, 4.99705, 0.00282192, 10.0003
5.11, 4.99708, 0.00285536, 10.0001
5.12, 4.99711, 0.00288665, 10
5.13, 4.99713, 0.00291585, 9.9999
5.14, 4.99716, 0.00294301, 9.99979
5.15, 4.99719, 0.00296818, 9.99968
5.16, 4.99722, 0.0029914, 9.99957
5.17, 4.99725, 0.00301273, 9.99947
5.18, 4.99728, 0.00303222, 9.99937
5.19, 4.99731, 0.00304991, 9.99927
5.2, 4.99734, 0.00306584, 9.99918
5.21, 4.99738, 0.00308008, 9.99909
5.22, 4.99741, 0.00309265, 9.999
5.23, 4.99744, 0.00310361, 9.99892
5.24, 4.99747, 0.003113, 9.99884
5.25, 4.9975, 0.00312086, 9.99876
5.26, 4.99753, 0.00312724, 9.99868
5.27, 4.99756, 0.00313217, 9.99861
5.28, 4.99759, 0.00313571, 9.99854
5.29, 4.99763, 0.00313788, 9.99847
5.3, 4.99766, 0.00313874, 9.99841
5.31, 4.99769, 0.00313831, 9.99835
5.32, 4.99772, 0.00313664, 9.99829
5.33, 4.99775, 0.00313377, 9.99823
5.34, 4.99778, 0.00312973, 9.99818
5.35, 4.99781, 0.00312456, 9.99812
5.36, 4.99784, 0.00311829, 9.99807
5.37, 4.99788, 0.00311096, 9.99803
5.38, 4.99791, 0.00310261, 9.99798
5.39, 4.99794, 0.00309327, 9.99794
5.4, 4.99797, 0.00308297, 9.9979
5.41, 4.998, 0.00307175, 9.99786
5.42, 4.99803, 0.00305964, 9.99782
5.43, 4.99806, 0.00304666, 9.99779
5.44, 4.99809, 0.00303286, 9.99775
5.45, 4.99812, 0.00301826, 9.99772
5.46, 4.99815, 0.00300288, 9.99769
5.47, 4.99818, 0.00298677, 9.99767
5.48, 4.99821, 0.00296995, 9.99764
5.49, 4.99824, 0.00295244, 9.99762
5.5, 4.99827, 0.00293428, 9.99759
5.51, 4.9983, 0.00291549, 9.99757
5.52, 4.99833, 0.00289609, 9.99755
5.53, 4.99836, 0.00287612, 9.99754
5.54, 4.99838, 0.0028556, 9.99752
5.55, 4.99841, 0.00283455, 9.99751
5.56, 4.99844, 0.002813, 9.99749
5.57, 4.99847, 0.00279097, 9.99748
5.58, 4.9985, 0.00276848, 9.99747
5.59, 4.99852, 0.00274557, 9.99746
5.6, 4.99855, 0.00272224, 9.99745
5.61, 4.99858, 0.00269852, 9.99745
5.62, 4.9986, 0.00267443, 9.99744
5.63, 4.99863, 0.00265, 9.99744
5.64, 4.99866, 0.00262524, 9.99743
5.65, 4.99868, 0.00260018, 9.99743
5.66, 4.99871, 0.00257482, 9.99743
5.67, 4.99873, 0.0025492, 9.99743
5.68, 4.99876, 0.00252332, 9.99743
5.69, 4.99879, 0.00249721, 9.99744
5.7, 4.99881, 0.00247089, 9.99744
5.71, 4.99883, 0.00244437, 9.99744
5.72, 4.99886, 0.00241766, 9.99745
5.73, 4.99888, 0.00239079, 9.99745
5.74, 4.99891, 0.00236377, 9.99746
5.75, 4.99893, 0.00233661, 9.99747
5.76, 4.99895, 0.00230934, 9.99748
5.77, 4.99898, 0.00228196, 9.99749
5.78, 4.999, 0.00225448, 9.9975
5.79, 4.99902, 0.00222693, 9.99751
5.8, 4.99904, 0.00219932, 9.99752
5.81, 4.99906, 0.00217165, 9.99753
5.82, 4.99909, 0.00214395, 9.99754
5.83, 4.99911, 0.00211622, 9.99755
5.84, 4.99913, 0.00208847, 9.99757
5.85, 4.99915, 0.00206072, 9.99758
5.86, 4.99917, 0.00203298, 9.9976
5.87, 4.99919, 0.00200526, 9.99761
5.88, 4.99921, 0.00197757, 9.99763
5.89, 4.99923, 0.00194992, 9.99764
5.9, 4.99925, 0.00192232, 9.99766
5.91, 4.99927, 0.00189477, 9.99768
5.92, 4.99928, 0.0018673, 9.9977
5.93, 4.9993, 0.0018399, 9.99771
5.94, 4.99932, 0.00181259, 9.99773
5.95, 4.99934, 0.00178537, 9.99775
5.96, 4.99936, 0.00175826, 9.99777
5.97, 4.99937, 0.00173125, 9.99779
5.98, 4.99939, 0.00170437, 9.99781
5.99, 4.99941, 0.0016776, 9.99783
6, 4.99942, 0.00165097, 9.99785
6.01, 4.99944, 0.00162448, 9.99787
6.02, 4.99946, 0.00159813, 9.99789
6.03, 4.99947, 0.00157194, 9.99791
6.04, 4.99949, 0.0015459, 9.99793
6.05, 4.9995, 0.00152002, 9.99795
6.06, 4.99952, 0.00149432, 9.99798
6.07, 4.99953, 0.00146878, 9.998
6.08, 4.99955, 0.00144343, 9.99802
6.09, 4.99956, 0.00141825, 9.99804
6.1, 4.99957, 0.00139327, 9.99806
6.11, 4.99959, 0.00136848, 9.99809
6.12, 4.9996, 0.00134388, 9.99811
6.13, 4.99962, 0.00131949, 9.99813
6.14, 4.99963, 0.00129529, 9.99815
6.15, 4.99964, 0.00127131, 9.99818
6.16, 4.99965, 0.00124754, 9.9982
6.17, 4.99967, 0.00122398, 9.99822
6.18, 4.99968, 0.00120064, 9.99824
6.19, 4.99969, 0.00117752, 9.99827
6.2, 4.9997, 0.00115462, 9.99829
6.21, 4.99971, 0.00113194, 9.99831
6.22, 4.99972, 0.0011095, 9.99833
6.23, 4.99973, 0.00108728, 9.99836
6.24, 4.99974, 0.0010653, 9.99838
6.25, 4.99976, 0.00104354, 9.9984
6.26, 4.99977, 0.00102203, 9.99842
6.27, 4.99978, 0.00100075, 9.99845
6.28, 4.99979, 0.000979706, 9.99847
6.29, 4.99979, 0.000958903, 9.99849
6.3, 4.9998, 0.000938341, 9.99851
6.31, 4.99981, 0.000918021, 9.99854
6.32, 4.99982, 0.000897943, 9.99856
6.33, 4.99983, 0.000878108, 9.99858
6.34, 4.99984, 0.000858517, 9.9986
6.35, 4.99985, 0.00083917, 9.99863
6.36, 4.99986, 0.000820068, 9.99865
6.37, 4.99986, 0.000801212, 9.99867
6.38, 4.99987, 0.0007826, 9.99869
6.39, 4.99988, 0.000764233, 9.99871
6.4, 4.99989, 0.000746112, 9.99873
6.41, 4.99989, 0.000728237, 9.99875
6.42, 4.9999, 0.000710606, 9.99878
6.43, 4.99991, 0.000693219, 9.9988
6.44, 4.99992, 0.000676077, 9.99882
6.45, 4.99992, 0.000659179, 9.99884
6.46, 4.99993, 0.000642524, 9.99886
6.47, 4.99993, 0.000626112, 9.99888
6.48, 4.99994, 0.000609942, 9.9989
6.49, 4.99995, 0.000594013, 9.99892
6.5, 4.99995, 0.000578324, 9.99894
6.51, 4.99996, 0.000562874, 9.99896
6.52, 4.99996, 0.000547663, 9.99898
6.53, 4.99997, 0.000532689, 9.999
6.54, 4.99997, 0.000517951, 9.99902
6.55, 4.99998, 0.000503449, 9.99903
6.56, 4.99998, 0.00048918, 9.99905
6.57, 4.99999, 0.000475143, 9.99907
6.58, 4.99999, 0.000461337, 9.99909
6.59, 5, 0.000447761, 9.99911
6.6, 5, 0.000434413, 9.99913
6.61, 5.00001, 0.000421292, 9.99914
6.62, 5.00001, 0.000408396, 9.99916
6.63, 5.00001, 0.000395723, 9.99918
6.64, 5.00002, 0.000383273, 9.9992
6.65, 5.00002, 0.000371042, 9.99921
6.66, 5.00003, 0.00035903, 9.99923
6.67, 5.00003, 0.000347235, 9.99925
6.68, 5.00003, 0.000335655, 9.99926
6.69, 5.00004, 0.000324288, 9.99928
6.7, 5.00004, 0.000313132, 9.9993
6.71, 5.00004, 0.000302185, 9.99931
6.72, 5.00004, 0.000291447, 9.99933
6.73, 5.00005, 0.000280913, 9.99934
6.74, 5.00005, 0.000270584, 9.99936
6.75, 5.00005, 0.000260456, 9.99937
6.76, 5.00006, 0.000250527, 9.99939
6.77, 5.00006, 0.000240797, 9.9994
6.78, 5.00006, 0.000231262, 9.99942
6.79, 5.00006, 0.00022192, 9.99943
6.8, 5.00006, 0.00021277, 9.99945
6.81, 5.00007, 0.000203809, 9.99946
6.82, 5.00007, 0.000195036, 9.99947
6.83, 5.00007, 0.000186448, 9.99949
6.84, 5.00007, 0.000178043, 9.9995
6.85, 5.00007, 0.000169818, 9.99951
6.86, 5.00008, 0.000161773, 9.99953
6.87, 5.00008, 0.000153904, 9.99954
6.88, 5.00008, 0.00014621, 9.99955
6.89, 5.00008, 0.000138688, 9.99956
6.9, 5.00008, 0.000131336, 9.99958
6.91, 5.00008, 0.000124153, 9.99959
6.92, 5.00008, 0.000117135, 9.9996
6.93, 5.00008, 0.000110281, 9.99961
6.94, 5.00009, 0.000103588, 9.99962
6.95, 5.00009, 9.70547e-05, 9.99963
6.96, 5.00009, 9.06786e-05, 9.99964
6.97, 5.00009, 8.44575e-05, 9.99965
6.98, 5.00009, 7.83892e-05, 9.99966
6.99, 5.00009, 7.24716e-05, 9.99968
7, 5.00009, 6.67026e-05, 9.99969
7.01, 5.00009, 6.108e-05, 9.9997
7.02, 5.00009, 5.56016e-05, 9.99971
7.03, 5.00009, 5.02653e-05, 9.99972
7.04, 5.00009, 4.5069e-05, 9.99972
7.05, 5.00009, 4.00105e-05, 9.99973
7.06, 5.00009, 3.50878e-05, 9.99974
7.07, 5.00009, 3.02988e-05, 9.99975
7.08, 5.00009, 2.56413e-05, 9.99976
7.09, 5.00009, 2.11133e-05, 9.99977
7.1, 5.00009, 1.67126e-05, 9.99978
7.11, 5.00009, 1.24373e-05, 9.99979
7.12, 5.00009, 8.28532e-06, 9.99979
7.13, 5.00009, 4.25455e-06, 9.9998
7.14, 5.00009, 3.43001e-07, 9.99981
7.15, 5.00009, -3.45134e-06, 9.99982
7.16, 5.00009, -7.13046e-06, 9.99983
7.17, 5.00009, -1.06964e-05, 9.99983
7.18, 5.00009, -1.4151e-05, 9.99984
7.19, 5.00009, -1.74964e-05, 9.99985
7.2, 5.00009, -2.07343e-05, 9.99985
7.21, 5.00009, -2.38669e-05, 9.99986
7.22, 5.00009, -2.68959e-05, 9.99987
7.23, 5.00009, -2.98233e-05, 9.99987
7.24, 5.00009, -3.2651e-05, 9.99988
7.25, 5.00009, -3.53807e-05, 9.99989
7.26, 5.00009, -3.80145e-05, 9.99989
7.27, 5.00009, -4.05539e-05, 9.9999
7.28, 5.00009, -4.3001e-05, 9.9999
7.29, 5.00009, -4.53575e-05, 9.99991
7.3, 5.00009, -4.76252e-05, 9.99991
7.31, 5.00009, -4.98057e-05, 9.99992
7.32, 5.00009, -5.19009e-05, 9.99993
7.33, 5.00009, -5.39125e-05, 9.99993
7.34, 5.00009, -5.58422e-05, 9.99994
7.35, 5.00009, -5.76917e-05, 9.99994
7.36, 5.00009, -5.94626e-05, 9.99995
7.37, 5.00009, -6.11566e-05, 9.99995
7.38, 5.00009, -6.27753e-05, 9.99995
7.39, 5.00009, -6.43203e-05, 9.99996
7.4, 5.00008, -6.57933e-05, 9.99996
7.41, 5.00008, -6.71958e-05, 9.99997
7.42, 5.00008, -6.85293e-05, 9.99997
7.43, 5.00008, -6.97953e-05, 9.99997
7.44, 5.00008, -7.09955e-05, 9.99998
7.45, 5.00008, -7.21313e-05, 9.99998
7.46, 5.00008, -7.32042e-05, 9.99999
7.47, 5.00008, -7.42155e-05, 9.99999
7.48, 5.00008, -7.51669e-05, 9.99999
7.49, 5.00008, -7.60596e-05, 10
7.5, 5.00008, -7.68952e-05, 10
7.51, 5.00008, -7.76749e-05, 10
7.52, 5.00008, -7.84002e-05, 10
7.53, 5.00007, -7.90723e-05, 10
7.54, 5.00007, -7.96927e-05, 10
7.55, 5.00007, -8.02625e-05, 10
7.56, 5.00007, -8.07832e-05, 10
7.57, 5.00007, -8.12559e-05, 10
7.58, 5.00007, -8.16819e-05, 10
7.59, 5.00007, -8.20625e-05, 10
7.6, 5.00007, -8.23989e-05, 10
7.61, 5.00007, -8.26922e-05, 10
7.62, 5.00007, -8.29436e-05, 10
7.63, 5.00007, -8.31543e-05, 10
7.64, 5.00007, -8.33254e-05, 10
7.65, 5.00006, -8.34581e-05, 10
7.66, 5.00006, -8.35534e-05, 10
7.67, 5.00006, -8.36124e-05, 10
7.68, 5.00006, -8.36362e-05, 10
7.69, 5.00006, -8.36258e-05, 10
7.7, 5.00006, -8.35823e-05, 10
7.71, 5.00006, -8.35066e-05, 10
7.72, 5.00006, -8.33999e-05, 10
7.73, 5.00006, -8.32629e-05, 10
7.74, 5.00006, -8.30968e-05, 10.0001
7.75, 5.00006, -8.29024e-05, 10.0001
7.76, 5.00006, -8.26807e-05, 10.0001
7.77, 5.00005, -8.24326e-05, 10.0001
7.78, 5.00005, -8.21589e-05, 10.0001
7.79, 5.00005, -8.18606e-05, 10.0001
7.8, 5.00005, -8.15385e-05, 10.0001
7.81, 5.00005, -8.11934e-05, 10.0001
7.82, 5.00005, -8.08262e-05, 10.0001
7.83, 5.00005, -8.04377e-05, 10.0001
7.84, 5.00005, -8.00287e-05, 10.0001
7.85, 5.00005, -7.96e-05, 10.0001
7.86, 5.00005, -7.91522e-05, 10.0001
7.87, 5.00005, -7.86862e-05, 10.0001
7.88, 5.00005, -7.82028e-05, 10.0001
7.89, 5.00005, -7.77025e-05, 10.0001
7.9, 5.00004, -7.71862e-05, 10.0001
7.91, 5.00004, -7.66545e-05, 10.0001
7.92, 5.00004, -7.61081e-05, 10.0001
7.93, 5.00004, -7.55476e-05, 10.0001
7.94, 5.00004, -7.49738e-05, 10.0001
7.95, 5.00004, -7.43871e-05, 10.0001
7.96, 5.00004, -7.37883e-05, 10.0001
7.97, 5.00004, -7.3178e-05, 10.0001
7.98, 5.00004, -7.25567e-05, 10.0001
7.99, 5.00004, -7.1925e-05, 10.0001
8, 5.00004, -7.12835e-05, 10.0001
8.01, 5.00004, -7.06327e-05, 10.0001
8.02, 5.00004, -6.99732e-05, 10.0001
8.03, 5.00004, -6.93055e-05, 10.0001
8.04, 5.00003, -6.86301e-05, 10.0001
8.05, 5.00003, -6.79475e-05, 10.0001
8.06, 5.00003, -6.72582e-05, 10.0001
8.07, 5.00003, -6.65627e-05, 10.0001
8.08, 5.00003, -6.58614e-05, 10.0001
8.09, 5.00003, -6.51548e-05, 10.0001
8.1, 5.00003, -6.44434e-05, 10.0001
8.11, 5.00003, -6.37275e-05, 10.0001
8.12, 5.00003, -6.30076e-05, 10.0001
8.13, 5.00003, -6.22841e-05, 10.0001
8.14, 5.00003, -6.15574e-05, 10.0001
8.15, 5.00003, -6.08278e-05, 10.0001
8.16, 5.00003, -6.00958e-05, 10.0001
8.17, 5.00003, -5.93618e-05, 10.0001
8.18, 5.00003, -5.8626e-05, 10.0001
8.19, 5.00002, -5.78888e-05, 10.0001
8.2, 5.00002, -5.71506e-05, 10.0001
8.21, 5.00002, -5.64117e-05, 10.0001
8.22, 5.00002, -5.56724e-05, 10.0001
8.23, 5.00002, -5.4933e-05, 10.0001
8.24, 5.00002, -5.41938e-05, 10.0001
8.25, 5.00002, -5.34551e-05, 10.0001
8.26, 5.00002, -5.27172e-05, 10.0001
8.27, 5.00002, -5.19804e-05, 10.0001
8.28, 5.00002, -5.12448e-05, 10.0001
8.29, 5.00002, -5.05108e-05, 10.0001
8.3, 5.00002, -4.97787e-05, 10.0001
8.31, 5.00002, -4.90485e-05, 10.0001
8.32, 5.00002, -4.83207e-05, 10.0001
8.33, 5.00002, -4.75954e-05, 10.0001
8.34, 5.00002, -4.68728e-05, 10.0001
8.35, 5.00002, -4.61531e-05, 10.0001
8.36, 5.00002, -4.54366e-05, 10.0001
8.37, 5.00002, -4.47234e-05, 10.0001
8.38, 5.00002, -4.40136e-05, 10.0001
8.39, 5.00001, -4.33076e-05, 10.0001
8.4, 5.00001, -4.26054e-05, 10.0001
8.41, 5.00001, -4.19073e-05, 10.0001
8.42, 5.00001, -4.12133e-05, 10.0001
8.43, 5.00001, -4.05237e-05, 10.0001
8.44, 5.00001, -3.98386e-05, 10.0001
8.45, 5.00001, -3.9158e-05, 10.0001
8.46, 5.00001, -3.84822e-05, 10.0001
8.47, 5.00001, -3.78113e-05, 10.0001
8.48, 5.00001, -3.71454e-05, 10.0001
8.49, 5.00001, -3.64847e-05, 10.0001
8.5, 5.00001, -3.58291e-05, 10.0001
8.51, 5.00001, -3.51789e-05, 10
8.52, 5.00001, -3.45341e-05, 10
8.53, 5.00001, -3.38949e-05, 10
8.54, 5.00001, -3.32612e-05, 10
8.55, 5.00001, -3.26333e-05, 10
8.56, 5.00001, -3.20112e-05, 10
8.57, 5.00001, -3.13949e-05, 10
8.58, 5.00001, -3.07845e-05, 10
8.59, 5.00001, -3.01802e-05, 10
8.6, 5.00001, -2.95819e-05, 10
8.61, 5.00001, -2.89897e-05, 10
8.62, 5.00001, -2.84037e-05, 10
8.63, 5.00001, -2.78239e-05, 10
8.64, 5.00001, -2.72504e-05, 10
8.65, 5.00001, -2.66832e-05, 10
8.66, 5.00001, -2.61223e-05, 10
8.67, 5.00001, -2.55678e-05, 10
8.68, 5.00001, -2.50197e-05, 10
8.69, 5, -2.4478e-05, 10
8.7, 5, -2.39428e-05, 10
8.71, 5, -2.34141e-05, 10
8.72, 5, -2.28919e-05, 10
8.73, 5, -2.23762e-05, 10
8.74, 5, -2.1867e-05, 10
8.75, 5, -2.13643e-05, 10
8.76, 5, -2.08682e-05, 10
8.77, 5, -2.03786e-05, 10
8.78, 5, -1.98955e-05, 10
8.79, 5, -1.9419e-05, 10
8.8, 5, -1.8949e-05, 10
8.81, 5, -1.84855e-05, 10
8.82, 5, -1.80286e-05, 10
8.83, 5, -1.75781e-05, 10
8.84, 5, -1.71341e-05, 10
8.85, 5, -1.66966e-05, 10
8.86, 5, -1.62655e-05, 10
8.87, 5, -1.58409e-05, 10
8.88, 5, -1.54226e-05, 10
8.89, 5, -1.50108e-05, 10
8.9, 5, -1.46053e-05, 10
8.91, 5, -1.42061e-05, 10
8.92, 5, -1.38132e-05, 10
8.93, 5, -1.34265e-05, 10
8.94, 5, -1.30461e-05, 10
8.95, 5, -1.26719e-05, 10
8.96, 5, -1.23039e-05, 10
8.97, 5, -1.19419e-05, 10
8.98, 5, -1.15861e-05, 10
8.99, 5, -1.12363e-05, 10
9, 5, -1.08924e-05, 10
9.01, 5, -1.05546e-05, 10
9.02, 5, -1.02226e-05, 10
9.03, 5, -9.89657e-06, 10
9.04, 5, -9.57632e-06, 10
9.05, 5, -9.26185e-06, 10
9.06, 5, -8.95311e-06, 10
9.07, 5, -8.65004e-06, 10
9.08, 5, -8.35261e-06, 10
9.09, 5, -8.06077e-06, 10
9.1, 5, -7.77445e-06, 10
9.11, 5, -7.49361e-06, 10
9.12, 5, -7.2182e-06, 10
9.13, 5, -6.94817e-06, 10
9.14, 5, -6.68346e-06, 10
9.15, 5, -6.42401e-06, 10
9.16, 5, -6.16978e-06, 10
9.17, 5, -5.92071e-06, 10
9.18, 5, -5.67674e-06, 10
9.19, 5, -5.43782e-06, 10
9.2, 5, -5.20389e-06, 10
9.21, 5, -4.9749e-06, 10
9.22, 5, -4.75079e-06, 10
9.23, 5, -4.5315e-06, 10
9.24, 5, -4.31698e-06, 10
9.25, 5, -4.10717e-06, 10
9.26, 5, -3.90201e-06, 10
9.27, 5, -3.70144e-06, 10
9.28, 5, -3.50541e-06, 10
9.29, 5, -3.31386e-06, 10
9.3, 5, -3.12673e-06, 10
9.31, 5, -2.94396e-06, 10
9.32, 5, -2.76549e-06, 10
9.33, 5, -2.59128e-06, 10
9.34, 5, -2.42125e-06, 10
9.35, 5, -2.25536e-06, 10
9.36, 5, -2.09354e-06, 10
9.37, 5, -1.93574e-06, 10
9.38, 5, -1.7819e-06, 10
9.39, 5, -1.63196e-06, 10
9.4, 5, -1.48587e-06, 10
9.41, 5, -1.34356e-06, 10
9.42, 5, -1.20499e-06, 10
9.43, 5, -1.07009e-06, 10
9.44, 5, -9.38814e-07, 10
9.45, 5, -8.11097e-07, 10
9.46, 5, -6.86888e-07, 10
9.47, 5, -5.6613e-07, 10
9.48, 5, -4.48769e-07, 10
9.49, 5, -3.34749e-07, 10
9.5, 5, -2.24015e-07, 10
9.51, 5, -1.16514e-07, 10
9.52, 5, -1.21919e-08, 10
9.53, 5, 8.90059e-08, 10
9.54, 5, 1.87132e-07, 10
9.55, 5, 2.8224e-07, 10
9.56, 5, 3.74381e-07, 10
9.57, 5, 4.63609e-07, 10
9.58, 5, 5.49974e-07, 10
9.59, 5, 6.33528e-07, 10
9.6, 5, 7.14322e-07, 10
9.61, 5, 7.92407e-07, 10
9.62, 5, 8.67832e-07, 10
9.63, 5, 9.40648e-07, 10
9.64, 5, 1.0109e-06, 10
9.65, 5, 1.07864e-06, 10
9.66, 5, 1.14392e-06, 10
9.67, 5, 1.20679e-06, 10
9.68, 5, 1.26728e-06, 10
9.69, 5, 1.32545e-06, 10
9.7, 5, 1.38135e-06, 10
9.71, 5, 1.43502e-06, 10
9.72, 5, 1.4865e-06, 10
9.73, 5, 1.53585e-06, 10
9.74, 5, 1.5831e-06, 10
9.75, 5, 1.6283e-06, 10
9.76, 5, 1.67149e-06, 10
9.77, 5, 1.71272e-06, 10
9.78, 5, 1.75202e-06, 10
9.79, 5, 1.78945e-06, 10
9.8, 5, 1.82503e-06, 10
9.81, 5, 1.85882e-06, 10
9.82, 5, 1.89086e-06, 10
9.83, 5, 1.92117e-06, 10
9.84, 5, 1.94981e-06, 10
9.85, 5, 1.97681e-06, 10
9.86, 5, 2.0022e-06, 10
9.87, 5, 2.02604e-06, 10
9.88, 5, 2.04835e-06, 10
9.89, 5, 2.06917e-06, 10
9.9, 5, 2.08853e-06, 10
9.91, 5, 2.10649e-06, 10
9.92, 5, 2.12306e-06, 10
9.93, 5, 2.13828e-06, 10
9.94, 5, 2.15219e-06, 10
9.95, 5, 2.16483e-06, 10
9.96, 5, 2.17622e-06, 10
9.97, 5, 2.18639e-06, 10
9.98, 5, 2.19539e-06, 10
9.99, 5, 2.20324e-06, 10
10, 5, 2.20997e-06, 10
10.01, 5, 2.21562e-06, 10
10.02, 5, 2.22021e-06, 10
10.03, 5, 2.22377e-06, 10
10.04, 5, 2.22634e-06, 10
10.05, 5, 2.22794e-06, 10
10.06, 5, 2.2286e-06, 10
10.07, 5, 2.22835e-06, 10
10.08, 5, 2.22722e-06, 10
10.09, 5, 2.22523e-06, 10
10.1, 5, 2.22241e-06, 10
10.11, 5, 2.21878e-06, 10
10.12, 5, 2.21438e-06, 10
10.13, 5, 2.20922e-06, 10
10.14, 5, 2.20334e-06, 10
10.15, 5, 2.19674e-06, 10
10.16, 5, 2.18947e-06, 10
10.17, 5, 2.18154e-06, 10
10.18, 5, 2.17298e-06, 10
10.19, 5, 2.1638e-06, 10
10.2, 5, 2.15403e-06, 10
10.21, 5, 2.1437e-06, 10
10.22, 5, 2.13282e-06, 10
10.23, 5, 2.12141e-06, 10
10.24, 5, 2.10949e-06, 10
10.25, 5, 2.09709e-06, 10
10.26, 5, 2.08422e-06, 10
10.27, 5, 2.0709e-06, 10
10.28, 5, 2.05716e-06, 10
10.29, 5, 2.043e-06, 10
10.3, 5, 2.02845e-06, 10
10.31, 5, 2.01353e-06, 10
10.32, 5, 1.99825e-06, 10
10.33, 5, 1.98262e-06, 10
10.34, 5, 1.96668e-06, 10
10.35, 5, 1.95042e-06, 10
10.36, 5, 1.93388e-06, 10
10.37, 5, 1.91705e-06, 10
10.38, 5, 1.89997e-06, 10
10.39, 5, 1.88263e-06, 10
10.4, 5, 1.86506e-06, 10
10.41, 5, 1.84728e-06, 10
10.42, 5, 1.82929e-06, 10
10.43, 5, 1.8111e-06, 10
10.44, 5, 1.79274e-06, 10
10.45, 5, 1.77421e-06, 10
10.46, 5, 1.75553e-06, 10
10.47, 5, 1.73671e-06, 10
10.48, 5, 1.71775e-06, 10
10.49, 5, 1.69868e-06, 10
10.5, 5, 1.6795e-06, 10
10.51, 5, 1.66023e-06, 10
10.52, 5, 1.64086e-06, 10
10.53, 5, 1.62143e-06, 10
10.54, 5, 1.60192e-06, 10
10.55, 5, 1.58236e-06, 10
10.56, 5, 1.56276e-06, 10
10.57, 5, 1.54312e-06, 10
10.58, 5, 1.52345e-06, 10
10.59, 5, 1.50376e-06, 10
10.6, 5, 1.48406e-06, 10
10.61, 5, 1.46436e-06, 10
10.62, 5, 1.44466e-06, 10
10.63, 5, 1.42498e-06, 10
10.64, 5, 1.40531e-06, 10
10.65, 5, 1.38568e-06, 10
10.66, 5, 1.36608e-06, 10
10.67, 5, 1.34652e-06, 10
10.68, 5, 1.32701e-06, 10
10.69, 5, 1.30755e-06, 10
10.7, 5, 1.28815e-06, 10
10.71, 5, 1.26882e-06, 10
10.72, 5, 1.24957e-06, 10
10.73, 5, 1.23039e-06, 10
10.74, 5, 1.21129e-06, 10
10.75, 5, 1.19228e-06, 10
10.76, 5, 1.17337e-06, 10
10.77, 5, 1.15455e-06, 10
10.78, 5, 1.13584e-06, 10
10.79, 5, 1.11723e-06, 10
10.8, 5, 1.09874e-06, 10
10.81, 5, 1.08036e-06, 10
10.82, 5, 1.0621e-06, 10
10.83, 5, 1.04396e-06, 10
10.84, 5, 1.02595e-06, 10
10.85, 5, 1.00807e-06, 10
10.86, 5, 9.9032e-07, 10
10.87, 5, 9.72709e-07, 10
10.88, 5, 9.55237e-07, 10
10.89, 5, 9.37906e-07, 10
10.9, 5, 9.20721e-07, 10
10.91, 5, 9.03683e-07, 10
10.92, 5, 8.86794e-07, 10
10.93, 5, 8.70058e-07, 10
10.94, 5, 8.53475e-07, 10
10.95, 5, 8.37049e-07, 10
10.96, 5, 8.2078e-07, 10
10.97, 5, 8.04672e-07, 10
10.98, 5, 7.88724e-07, 10
10.99, 5, 7.7294e-07, 10
11, 5, 7.5732e-07, 10
11.01, 5, 7.41866e-07, 10
11.02, 5, 7.26578e-07, 10
11.03, 5, 7.11459e-07, 10
11.04, 5, 6.96508e-07, 10
11.05, 5, 6.81728e-07, 10
11.06, 5, 6.67118e-07, 10
11.07, 5, 6.5268e-07, 10
11.08, 5, 6.38413e-07, 10
11.09, 5, 6.2432e-07, 10
11.1, 5, 6.10399e-07, 10
11.11, 5, 5.96652e-07, 10
11.12, 5, 5.83078e-07, 10
11.13, 5, 5.69679e-07, 10
11.14, 5, 5.56454e-07, 10
11.15, 5, 5.43403e-07, 10
11.16, 5, 5.30526e-07, 10
11.17, 5, 5.17823e-07, 10
11.18, 5, 5.05294e-07, 10
11.19, 5, 4.92939e-07, 10
11.2, 5, 4.80757e-07, 10
11.21, 5, 4.68749e-07, 10
11.22, 5, 4.56913e-07, 10
11.23, 5, 4.45249e-07, 10
11.24, 5, 4.33758e-07, 10
11.25, 5, 4.22437e-07, 10
11.26, 5, 4.11287e-07, 10
11.27, 5, 4.00308e-07, 10
11.28, 5, 3.89497e-07, 10
11.29, 5, 3.78855e-07, 10
11.3, 5, 3.68381e-07, 10
11.31, 5, 3.58073e-07, 10
11.32, 5, 3.47932e-07, 10
11.33, 5, 3.37956e-07, 10
11.34, 5, 3.28143e-07, 10
11.35, 5, 3.18494e-07, 10
11.36, 5, 3.09007e-07, 10
11.37, 5, 2.99681e-07, 10
11.38, 5, 2.90515e-07, 10
11.39, 5, 2.81508e-07, 10
11.4, 5, 2.72658e-07, 10
11.41, 5, 2.63965e-07, 10
11.42, 5, 2.55427e-07, 10
11.43, 5, 2.47042e-07, 10
11.44, 5, 2.38811e-07, 10
11.45, 5, 2.30731e-07, 10
11.46, 5, 2.22801e-07, 10
11.47, 5, 2.1502e-07, 10
11.48, 5, 2.07386e-07, 10
11.49, 5, 1.99899e-07, 10
11.5, 5, 1.92556e-07, 10
11.51, 5, 1.85356e-07, 10
11.52, 5, 1.78298e-07, 10
11.53, 5, 1.71381e-07, 10
11.54, 5, 1.64602e-07, 10
11.55, 5, 1.57961e-07, 10
11.56, 5, 1.51456e-07, 10
11.57, 5, 1.45086e-07, 10
11.58, 5, 1.38849e-07, 10
11.59, 5, 1.32743e-07, 10
11.6, 5, 1.26767e-07, 10
11.61, 5, 1.2092e-07, 10
11.62, 5, 1.152e-07, 10
11.63, 5, 1.09606e-07, 10
11.64, 5, 1.04135e-07, 10
11.65, 5, 9.87874e-08, 10
11.66, 5, 9.35603e-08, 10
11.67, 5, 8.84526e-08, 10
11.68, 5, 8.34627e-08, 10
11.69, 5, 7.85892e-08, 10
11.7, 5, 7.38304e-08, 10
11.71, 5, 6.91848e-08, 10
11.72, 5, 6.46509e-08, 10
11.73, 5, 6.02272e-08, 10
11.74, 5, 5.59121e-08, 10
11.75, 5, 5.17041e-08, 10
11.76, 5, 4.76017e-08, 10
11.77, 5, 4.36033e-08, 10
11.78, 5, 3.97074e-08, 10
11.79, 5, 3.59125e-08, 10
11.8, 5, 3.22171e-08, 10
11.81, 5, 2.86196e-08, 10
11.82, 5, 2.51187e-08, 10
11.83, 5, 2.17127e-08, 10
11.84, 5, 1.84002e-08, 10
11.85, 5, 1.51797e-08, 10
11.86, 5, 1.20498e-08, 10
11.87, 5, 9.00889e-09, 10
11.88, 5, 6.05566e-09, 10
11.89, 5, 3.18859e-09, 10
11.9, 5, 4.0627e-10, 10
11.91, 5, -2.29275e-09, 10
11.92, 5, -4.90988e-09, 10
11.93, 5, -7.44653e-09, 10
11.94, 5, -9.90411e-09, 10
11.95, 5, -1.2284e-08, 10
11.96, 5, -1.45876e-08, 10
11.97, 5, -1.68162e-08, 10
11.98, 5, -1.89713e-08, 10
11.99, 5, -2.10541e-08, 10
12, 5, -2.3066e-08, 10
12.01, 5, -2.50083e-08, 10
12.02, 5, -2.68823e-08, 10
12.03, 5, -2.86894e-08, 10
12.04, 5, -3.04308e-08, 10
12.05, 5, -3.21077e-08, 10
12.06, 5, -3.37216e-08, 10
12.07, 5, -3.52735e-08, 10
12.08, 5, -3.67647e-08, 10
12.09, 5, -3.81965e-08, 10
12.1, 5, -3.95701e-08, 10
12.11, 5, -4.08866e-08, 10
12.12, 5, -4.21473e-08, 10
12.13, 5, -4.33533e-08, 10
12.14, 5, -4.45058e-08, 10
12.15, 5, -4.56059e-08, 10
12.16, 5, -4.66548e-08, 10
12.17, 5, -4.76535e-08, 10
12.18, 5, -4.86032e-08, 10
12.19, 5, -4.9505e-08, 10
12.2, 5, -5.03599e-08, 10
12.21, 5, -5.11691e-08, 10
12.22, 5, -5.19335e-08, 10
12.23, 5, -5.26541e-08, 10
12.24, 5, -5.33321e-08, 10
12.25, 5, -5.39685e-08, 10
12.26, 5, -5.45641e-08, 10
12.27, 5, -5.51201e-08, 10
12.28, 5, -5.56373e-08, 10
12.29, 5, -5.61168e-08, 10
12.3, 5, -5.65594e-08, 10
12.31, 5, -5.69661e-08, 10
12.32, 5, -5.73379e-08, 10
12.33, 5, -5.76755e-08, 10
12.34, 5, -5.798e-08, 10
12.35, 5, -5.82521e-08, 10
12.36, 5, -5.84927e-08, 10
12.37, 5, -5.87028e-08, 10
12.38, 5, -5.8883e-08, 10
12.39, 5, -5.90343e-08, 10
12.4, 5, -5.91575e-08, 10
12.41, 5, -5.92533e-08, 10
12.42, 5, -5.93225e-08, 10
12.43, 5, -5.93659e-08, 10
12.44, 5, -5.93843e-08, 10
12.45, 5, -5.93783e-08, 10
12.46, 5, -5.93488e-08, 10
12.47, 5, -5.92964e-08, 10
12.48, 5, -5.92219e-08, 10
12.49, 5, -5.91259e-08, 10
12.5, 5, -5.90092e-08, 10
12.51, 5, -5.88724e-08, 10
12.52, 5, -5.87161e-08, 10
12.53, 5, -5.8541e-08, 10
12.54, 5, -5.83477e-08, 10
12.55, 5, -5.81369e-08, 10
12.56, 5, -5.79092e-08, 10
12.57, 5, -5.76652e-08, 10
12.58, 5, -5.74054e-08, 10
12.59, 5, -5.71304e-08, 10
12.6, 5, -5.68408e-08, 10
12.61, 5, -5.65372e-08, 10
12.62, 5, -5.62201e-08, 10
12.63, 5, -5.589e-08, 10
12.64, 5, -5.55474e-08, 10
12.65, 5, -5.51929e-08, 10
12.66, 5, -5.4827e-08, 10
12.67, 5, -5.44501e-08, 10
12.68, 5, -5.40627e-08, 10
12.69, 5, -5.36654e-08, 10
12.7, 5, -5.32585e-08, 10
12.71, 5, -5.28425e-08, 10
12.72, 5, -5.24178e-08, 10
12.73, 5, -5.19849e-08, 10
12.74, 5, -5.15442e-08, 10
12.75, 5, -5.10961e-08, 10
12.76, 5, -5.0641e-08, 10
12.77, 5, -5.01793e-08, 10
12.78, 5, -4.97114e-08, 10
12.79, 5, -4.92376e-08, 10
12.8, 5, -4.87584e-08, 10
12.81, 5, -4.8274e-08, 10
12.82, 5, -4.77849e-08, 10
12.83, 5, -4.72913e-08, 10
12.84, 5, -4.67936e-08, 10
12.85, 5, -4.62921e-08, 10
12.86, 5, -4.57871e-08, 10
12.87, 5, -4.5279e-08, 10
12.88, 5, -4.4768e-08, 10
12.89, 5, -4.42545e-08, 10
12.9, 5, -4.37386e-08, 10
12.91, 5, -4.32207e-08, 10
12.92, 5, -4.27011e-08, 10
12.93, 5, -4.21799e-08, 10
12.94, 5, -4.16576e-08, 10
12.95, 5, -4.11342e-08, 10
12.96, 5, -4.06101e-08, 10
12.97, 5, -4.00855e-08, 10
12.98, 5, -3.95606e-08, 10
12.99, 5, -3.90356e-08, 10
13, 5, -3.85107e-08, 10
13.01, 5, -3.79862e-08, 10
13.02, 5, -3.74622e-08, 10
13.03, 5, -3.69389e-08, 10
13.04, 5, -3.64166e-08, 10
13.05, 5, -3.58954e-08, 10
13.06, 5, -3.53754e-08, 10
13.07, 5, -3.48569e-08, 10
13.08, 5, -3.43401e-08, 10
13.09, 5, -3.38249e-08, 10
13.1, 5, -3.33118e-08, 10
13.11, 5, -3.28006e-08, 10
13.12, 5, -3.22917e-08, 10
13.13, 5, -3.17852e-08, 10
13.14, 5, -3.12811e-08, 10
13.15, 5, -3.07796e-08, 10
13.16, 5, -3.02809e-08, 10
13.17, 5, -2.9785e-08, 10
13.18, 5, -2.92921e-08, 10
13.19, 5, -2.88023e-08, 10
13.2, 5, -2.83156e-08, 10
13.21, 5, -2.78322e-08, 10
13.22, 5, -2.73522e-08, 10
13.23, 5, -2.68756e-08, 10
13.24, 5, -2.64026e-08, 10
13.25, 5, -2.59332e-08, 10
13.26, 5, -2.54675e-08, 10
13.27, 5, -2.50056e-08, 10
13.28, 5, -2.45475e-08, 10
13.29, 5, -2.40934e-08, 10
13.3, 5, -2.36433e-08, 10
13.31, 5, -2.31972e-08, 10
13.32, 5, -2.27552e-08, 10
13.33, 5, -2.23174e-08, 10
13.34, 5, -2.18837e-08, 10
13.35, 5, -2.14544e-08, 10
13.36, 5, -2.10293e-08, 10
13.37, 5, -2.06086e-08, 10
13.38, 5, -2.01922e-08, 10
13.39, 5, -1.97803e-08, 10
13.4, 5, -1.93728e-08, 10
13.41, 5, -1.89698e-08, 10
13.42, 5, -1.85713e-08, 10
13.43, 5, -1.81773e-08, 10
13.44, 5, -1.77878e-08, 10
13.45, 5, -1.7403e-08, 10
13.46, 5, -1.70227e-08, 10
13.47, 5, -1.6647e-08, 10
13.48, 5, -1.62759e-08, 10
13.49, 5, -1.59095e-08, 10
13.5, 5, -1.55477e-08, 10
13.51, 5, -1.51905e-08, 10
13.52, 5, -1.48379e-08, 10
13.53, 5, -1.449e-08, 10
13.54, 5, -1.41468e-08, 10
13.55, 5, -1.38081e-08, 10
13.56, 5, -1.34742e-08, 10
13.57, 5, -1.31448e-08, 10
13.58, 5, -1.28201e-08, 10
13.59, 5, -1.24999e-08, 10
13.6, 5, -1.21844e-08, 10
13.61, 5, -1.18735e-08, 10
13.62, 5, -1.15671e-08, 10
13.63, 5, -1.12654e-08, 10
13.64, 5, -1.09681e-08, 10
13.65, 5, -1.06754e-08, 10
13.66, 5, -1.03872e-08, 10
13.67, 5, -1.01035e-08, 10
13.68, 5, -9.82428e-09, 10
13.69, 5, -9.54949e-09, 10
13.7, 5, -9.27913e-09, 10
13.71, 5, -9.01316e-09, 10
13.72, 5, -8.75157e-09, 10
13.73, 5, -8.49433e-09, 10
13.74, 5, -8.2414e-09, 10
13.75, 5, -7.99277e-09, 10
13.76, 5, -7.7484e-09, 10
13.77, 5, -7.50826e-09, 10
13.78, 5, -7.27232e-09, 10
13.79, 5, -7.04055e-09, 10
13.8, 5, -6.81292e-09, 10
13.81, 5, -6.58939e-09, 10
13.82, 5, -6.36993e-09, 10
13.83, 5, -6.15451e-09, 10
13.84, 5, -5.94308e-09, 10
13.85, 5, -5.73563e-09, 10
13.86, 5, -5.5321e-09, 10
13.87, 5, -5.33247e-09, 10
13.88, 5, -5.13669e-09, 10
13.89, 5, -4.94473e-09, 10
13.9, 5, -4.75655e-09, 10
13.91, 5, -4.57211e-09, 10
13.92, 5, -4.39138e-09, 10
13.93, 5, -4.21432e-09, 10
13.94, 5, -4.04088e-09, 10
13.95, 5, -3.87102e-09, 10
13.96, 5, -3.70472e-09, 10
13.97, 5, -3.54192e-09, 10
13.98, 5, -3.38259e-09, 10
13.99, 5, -3.22668e-09, 10
14, 5, -3.07416e-09, 10
14.01, 5, -2.92499e-09, 10
14.02, 5, -2.77913e-09, 10
14.03, 5, -2.63652e-09, 10
14.04, 5, -2.49714e-09, 10
14.05, 5, -2.36095e-09, 10
14.06, 5, -2.22789e-09, 10
14.07, 5, -2.09794e-09, 10
14.08, 5, -1.97104e-09, 10
14.09, 5, -1.84717e-09, 10
14.1, 5, -1.72627e-09, 10
14.11, 5, -1.6083e-09, 10
14.12, 5, -1.49324e-09, 10
14.13, 5, -1.38102e-09, 10
14.14, 5, -1.27163e-09, 10
14.15, 5, -1.165e-09, 10
14.16, 5, -1.06111e-09, 10
14.17, 5, -9.59907e-10, 10
14.18, 5, -8.61358e-10, 10
14.19, 5, -7.65422e-10, 10
14.2, 5, -6.72057e-10, 10
14.21, 5, -5.81225e-10, 10
14.22, 5, -4.92885e-10, 10
14.23, 5, -4.06999e-10, 10
14.24, 5, -3.23527e-10, 10
14.25, 5, -2.42428e-10, 10
14.26, 5, -1.63667e-10, 10
14.27, 5, -8.72014e-11, 10
14.28, 5, -1.29953e-11, 10
14.29, 5, 5.89888e-11, 10
14.3, 5, 1.28791e-10, 10
14.31, 5, 1.96447e-10, 10
14.32, 5, 2.61994e-10, 10
14.33, 5, 3.2547e-10, 10
14.34, 5, 3.86913e-10, 10
14.35, 5, 4.46358e-10, 10
14.36, 5, 5.03839e-10, 10
14.37, 5, 5.59395e-10, 10
14.38, 5, 6.13061e-10, 10
14.39, 5, 6.64872e-10, 10
14.4, 5, 7.14862e-10, 10
14.41, 5, 7.63066e-10, 10
14.42, 5, 8.0952e-10, 10
14.43, 5, 8.54256e-10, 10
14.44, 5, 8.97309e-10, 10
14.45, 5, 9.3871e-10, 10
14.46, 5, 9.78494e-10, 10
14.47, 5, 1.01669e-09, 10
14.48, 5, 1.05334e-09, 10
14.49, 5, 1.08846e-09, 10
14.5, 5, 1.1221e-09, 10
14.51, 5, 1.15428e-09, 10
14.52, 5, 1.18503e-09, 10
14.53, 5, 1.21439e-09, 10
14.54, 5, 1.24237e-09, 10
14.55, 5, 1.26903e-09, 10
14.56, 5, 1.29437e-09, 10
14.57, 5, 1.31844e-09, 10
14.58, 5, 1.34126e-09, 10
14.59, 5, 1.36285e-09, 10
14.6, 5, 1.38326e-09, 10
14.61, 5, 1.40249e-09, 10
14.62, 5, 1.42059e-09, 10
14.63, 5, 1.43758e-09, 10
14.64, 5, 1.45349e-09, 10
14.65, 5, 1.46833e-09, 10
14.66, 5, 1.48214e-09, 10
14.67, 5, 1.49495e-09, 10
14.68, 5, 1.50677e-09, 10
14.69, 5, 1.51764e-09, 10
14.7, 5, 1.52757e-09, 10
14.71, 5, 1.53659e-09, 10
14.72, 5, 1.54473e-09, 10
14.73, 5, 1.55201e-09, 10
14.74, 5, 1.55845e-09, 10
14.75, 5, 1.56407e-09, 10
14.76, 5, 1.56889e-09, 10
14.77, 5, 1.57295e-09, 10
14.78, 5, 1.57625e-09, 10
14.79, 5, 1.57882e-09, 10
14.8, 5, 1.58069e-09, 10
14.81, 5, 1.58187e-09, 10
14.82, 5, 1.58238e-09, 10
14.83, 5, 1.58224e-09, 10
14.84, 5, 1.58147e-09, 10
14.85, 5, 1.58009e-09, 10
14.86, 5, 1.57812e-09, 10
14.87, 5, 1.57558e-09, 10
14.88, 5, 1.57249e-09, 10
14.89, 5, 1.56886e-09, 10
14.9, 5, 1.56471e-09, 10
14.91, 5, 1.56006e-09, 10
14.92, 5, 1.55492e-09, 10
14.93, 5, 1.54932e-09, 10
14.94, 5, 1.54326e-09, 10
14.95, 5, 1.53677e-09, 10
14.96, 5, 1.52986e-09, 10
14.97, 5, 1.52255e-09, 10
14.98, 5, 1.51484e-09, 10
14.99, 5, 1.50676e-09, 10
15, 5, 1.49832e-09, 10
15.01, 5, 1.48953e-09, 10
15.02, 5, 1.48042e-09, 10
15.03, 5, 1.47098e-09, 10
15.04, 5, 1.46124e-09, 10
15.05, 5, 1.4512e-09, 10
15.06, 5, 1.44089e-09, 10
15.07, 5, 1.43031e-09, 10
15.08, 5, 1.41947e-09, 10
15.09, 5, 1.40839e-09, 10
15.1, 5, 1.39708e-09, 10
15.11, 5, 1.38556e-09, 10
15.12, 5, 1.37382e-09, 10
15.13, 5, 1.36188e-09, 10
15.14, 5, 1.34976e-09, 10
15.15, 5, 1.33747e-09, 10
15.16, 5, 1.325e-09, 10
15.17, 5, 1.31238e-09, 10
15.18, 5, 1.29962e-09, 10
15.19, 5, 1.28671e-09, 10
15.2, 5, 1.27368e-09, 10
15.21, 5, 1.26054e-09, 10
15.22, 5, 1.24728e-09, 10
15.23, 5, 1.23392e-09, 10
15.24, 5, 1.22047e-09, 10
15.25, 5, 1.20693e-09, 10
15.26, 5, 1.19331e-09, 10
15.27, 5, 1.17963e-09, 10
15.28, 5, 1.16589e-09, 10
15.29, 5, 1.15209e-09, 10
15.3, 5, 1.13824e-09, 10
15.31, 5, 1.12436e-09, 10
15.32, 5, 1.11044e-09, 10
15.33, 5, 1.0965e-09, 10
15.34, 5, 1.08253e-09, 10
15.35, 5, 1.06855e-09, 10
15.36, 5, 1.05457e-09, 10
15.37, 5, 1.04058e-09, 10
15.38, 5, 1.02659e-09, 10
15.39, 5, 1.01262e-09, 10
15.4, 5, 9.98653e-10, 10
15.41, 5, 9.84709e-10, 10
15.42, 5, 9.7079e-10, 10
15.43, 5, 9.569e-10, 10
15.44, 5, 9.43044e-10, 10
15.45, 5, 9.29226e-10, 10
15.46, 5, 9.15452e-10, 10
15.47, 5, 9.01724e-10, 10
15.48, 5, 8.88047e-10, 10
15.49, 5, 8.74425e-10, 10
15.5, 5, 8.60863e-10, 10
15.51, 5, 8.47364e-10, 10
15.52, 5, 8.33931e-10, 10
15.53, 5, 8.20567e-10, 10
15.54, 5, 8.07275e-10, 10
15.55, 5, 7.94059e-10, 10
15.56, 5, 7.80923e-10, 10
15.57, 5, 7.67869e-10, 10
15.58, 5, 7.54899e-10, 10
15.59, 5, 7.42016e-10, 10
15.6, 5, 7.29222e-10, 10
15.61, 5, 7.16521e-10, 10
15.62, 5, 7.03914e-10, 10
15.63, 5, 6.91404e-10, 10
15.64, 5, 6.78992e-10, 10
15.65, 5, 6.6668e-10, 10
15.66, 5, 6.54472e-10, 10
15.67, 5, 6.42367e-10, 10
15.68, 5, 6.3037e-10, 10
15.69, 5, 6.18481e-10, 10
15.7, 5, 6.06701e-10, 10
15.71, 5, 5.95031e-10, 10
15.72, 5, 5.83473e-10, 10
15.73, 5, 5.72029e-10, 10
15.74, 5, 5.607e-10, 10
15.75, 5, 5.49486e-10, 10
15.76, 5, 5.38387e-10, 10
15.77, 5, 5.27406e-10, 10
15.78, 5, 5.16545e-10, 10
15.79, 5, 5.05802e-10, 10
15.8, 5, 4.95179e-10, 10
15.81, 5, 4.84677e-10, 10
15.82, 5, 4.74296e-10, 10
15.83, 5, 4.64038e-10, 10
15.84, 5, 4.539e-10, 10
15.85, 5, 4.43886e-10, 10
15.86, 5, 4.33994e-10, 10
15.87, 5, 4.24227e-10, 10
15.88, 5, 4.14582e-10, 10
15.89, 5, 4.0506e-10, 10
15.9, 5, 3.95662e-10, 10
15.91, 5, 3.86387e-10, 10
15.92, 5, 3.77237e-10, 10
15.93, 5, 3.68211e-10, 10
15.94, 5, 3.59307e-10, 10
15.95, 5, 3.50528e-10, 10
15.96, 5, 3.4187e-10, 10
15.97, 5, 3.33336e-10, 10
15.98, 5, 3.24925e-10, 10
15.99, 5, 3.16637e-10, 10
16, 5, 3.0847e-10, 10
16.01, 5, 3.00425e-10, 10
16.02, 5, 2.92502e-10, 10
16.03, 5, 2.84699e-10, 10
16.04, 5, 2.77017e-10, 10
16.05, 5, 2.69453e-10, 10
16.06, 5, 2.62009e-10, 10
16.07, 5, 2.54683e-10, 10
16.08, 5, 2.47476e-10, 10
16.09, 5, 2.40386e-10, 10
16.1, 5, 2.33411e-10, 10
16.11, 5, 2.26553e-10, 10
16.12, 5, 2.19809e-10, 10
16.13, 5, 2.1318e-10, 10
16.14, 5, 2.06665e-10, 10
16.15, 5, 2.00263e-10, 10
16.16, 5, 1.93972e-10, 10
16.17, 5, 1.87793e-10, 10
16.18, 5, 1.81724e-10, 10
16.19, 5, 1.75765e-10, 10
16.2, 5, 1.69914e-10, 10
16.21, 5, 1.6417e-10, 10
16.22, 5, 1.58534e-10, 10
16.23, 5, 1.53003e-10, 10
16.24, 5, 1.47576e-10, 10
16.25, 5, 1.42252e-10, 10
16.26, 5, 1.37031e-10, 10
16.27, 5, 1.31913e-10, 10
16.28, 5, 1.26896e-10, 10
16.29, 5, 1.21978e-10, 10
16.3, 5, 1.1716e-10, 10
16.31, 5, 1.12439e-10, 10
16.32, 5, 1.07814e-10, 10
16.33, 5, 1.03285e-10, 10
16.34, 5, 9.88505e-11, 10
16.35, 5, 9.45096e-11, 10
16.36, 5, 9.02613e-11, 10
16.37, 5, 8.61047e-11, 10
16.38, 5, 8.20387e-11, 10
16.39, 5, 7.80605e-11, 10
16.4, 5, 7.41708e-11, 10
16.41, 5, 7.03684e-11, 10
16.42, 5, 6.66524e-11, 10
16.43, 5, 6.30214e-11, 10
16.44, 5, 5.94726e-11, 10
16.45, 5, 5.60065e-11, 10
16.46, 5, 5.2622e-11, 10
16.47, 5, 4.93195e-11, 10
16.48, 5, 4.60961e-11, 10
16.49, 5, 4.29505e-11, 10
16.5, 5, 3.98812e-11, 10
16.51, 5, 3.68889e-11, 10
16.52, 5, 3.39721e-11, 10
16.53, 5, 3.11296e-11, 10
16.54, 5, 2.83599e-11, 10
16.55, 5, 2.56616e-11, 10
16.56, 5, 2.30334e-11, 10
16.57, 5, 2.04755e-11, 10
16.58, 5, 1.79847e-11, 10
16.59, 5, 1.55631e-11, 10
16.6, 5, 1.32076e-11, 10
16.61, 5, 1.09164e-11, 10
16.62, 5, 8.69002e-12, 10
16.63, 5, 6.52681e-12, 10
16.64, 5, 4.42705e-12, 10
16.65, 5, 2.38736e-12, 10
16.66, 5, 4.07964e-13, 10
16.67, 5, -1.51273e-12, 10
16.68, 5, -3.37454e-12, 10
16.69, 5, -5.17908e-12, 10
16.7, 5, -6.92798e-12, 10
16.71, 5, -8.62109e-12, 10
16.72, 5, -1.02601e-11, 10
16.73, 5, -1.18448e-11, 10
16.74, 5, -1.33788e-11, 10
16.75, 5, -1.486e-11, 10
16.76, 5, -1.62921e-11, 10
16.77, 5, -1.7675e-11, 10
16.78, 5, -1.90086e-11, 10
16.79, 5, -2.02945e-11, 10
16.8, 5, -2.15346e-11, 10
16.81, 5, -2.27289e-11, 10
16.82, 5, -2.38773e-11, 10
16.83, 5, -2.49815e-11, 10
16.84, 5, -2.60434e-11, 10
16.85, 5, -2.70629e-11, 10
16.86, 5, -2.80401e-11, 10
16.87, 5, -2.89768e-11, 10
16.88, 5, -2.98747e-11, 10
16.89, 5, -3.0734e-11, 10
16.9, 5, -3.15546e-11, 10
16.91, 5, -3.23384e-11, 10
16.92, 5, -3.30854e-11, 10
16.93, 5, -3.37958e-11, 10
16.94, 5, -3.44712e-11, 10
16.95, 5, -3.51138e-11, 10
16.96, 5, -3.57234e-11, 10
16.97, 5, -3.63002e-11, 10
16.98, 5, -3.68443e-11, 10
16.99, 5, -3.73575e-11, 10
17, 5, -3.784e-11, 10
17.01, 5, -3.82936e-11, 10
17.02, 5, -3.87186e-11, 10
17.03, 5, -3.91148e-11, 10
17.04, 5, -3.94844e-11, 10
17.05, 5, -3.98257e-11, 10
17.06, 5, -4.01422e-11, 10
17.07, 5, -4.04324e-11, 10
17.08, 5, -4.06982e-11, 10
17.09, 5, -4.09398e-11, 10
17.1, 5, -4.11573e-11, 10
17.11, 5, -4.13525e-11, 10
17.12, 5, -4.15239e-11, 10
17.13, 5, -4.16735e-11, 10
17.14, 5, -4.18031e-11, 10
17.15, 5, -4.19111e-11, 10
17.16, 5, -4.19995e-11, 10
17.17, 5, -4.20684e-11, 10
17.18, 5, -4.21181e-11, 10
17.19, 5, -4.21503e-11, 10
17.2, 5, -4.21637e-11, 10
17.21, 5, -4.216e-11, 10
17.22, 5, -4.21394e-11, 10
17.23, 5, -4.2104e-11, 10
17.24, 5, -4.20522e-11, 10
17.25, 5, -4.19858e-11, 10
17.26, 5, -4.19032e-11, 10
17.27, 5, -4.18065e-11, 10
17.28, 5, -4.16959e-11, 10
17.29, 5, -4.15732e-11, 10
17.3, 5, -4.14369e-11, 10
17.31, 5, -4.12871e-11, 10
17.32, 5, -4.11259e-11, 10
17.33, 5, -4.09534e-11, 10
17.34, 5, -4.07697e-11, 10
17.35, 5, -4.05752e-11, 10
17.36, 5, -4.03699e-11, 10
17.37, 5, -4.01541e-11, 10
17.38, 5, -3.99297e-11, 10
17.39, 5, -3.96951e-11, 10
17.4, 5, -3.94523e-11, 10
17.41, 5, -3.92015e-11, 10
17.42, 5, -3.89428e-11, 10
17.43, 5, -3.86765e-11, 10
17.44, 5, -3.84028e-11, 10
17.45, 5, -3.81218e-11, 10
17.46, 5, -3.78336e-11, 10
17.47, 5, -3.75386e-11, 10
17.48, 5, -3.72368e-11, 10
17.49, 5, -3.69302e-11, 10
17.5, 5, -3.66172e-11, 10
17.51, 5, -3.62999e-11, 10
17.52, 5, -3.59765e-11, 10
17.53, 5, -3.5649e-11, 10
17.54, 5, -3.53177e-11, 10
17.55, 5, -3.49809e-11, 10
17.56, 5, -3.46406e-11, 10
17.57, 5, -3.4297e-11, 10
17.58, 5, -3.39501e-11, 10
17.59, 5, -3.36003e-11, 10
17.6, 5, -3.32476e-11, 10
17.61, 5, -3.28923e-11, 10
17.62, 5, -3.25345e-11, 10
17.63, 5, -3.21744e-11, 10
17.64, 5, -3.18121e-11, 10
17.65, 5, -3.14478e-11, 10
17.66, 5, -3.10817e-11, 10
17.67, 5, -3.07139e-11, 10
17.68, 5, -3.03447e-11, 10
17.69, 5, -2.9974e-11, 10
17.7, 5, -2.9604e-11, 10
17.71, 5, -2.9233e-11, 10
17.72, 5, -2.88611e-11, 10
17.73, 5, -2.84884e-11, 10
17.74, 5, -2.81152e-11, 10
17.75, 5, -2.77416e-11, 10
17.76, 5, -2.73695e-11, 10
17.77, 5, -2.69973e-11, 10
17.78, 5, -2.66251e-11, 10
17.79, 5, -2.62531e-11, 10
17.8, 5, -2.58814e-11, 10
17.81, 5, -2.55119e-11, 10
17.82, 5, -2.51431e-11, 10
17.83, 5, -2.4775e-11, 10
17.84, 5, -2.44078e-11, 10
17.85, 5, -2.40416e-11, 10
17.86, 5, -2.36765e-11, 10
17.87, 5, -2.33127e-11, 10
17.88, 5, -2.29521e-11, 10
17.89, 5, -2.2593e-11, 10
17.9, 5, -2.22356e-11, 10
17.91, 5, -2.188e-11, 10
17.92, 5, -2.15264e-11, 10
17.93, 5, -2.11748e-11, 10
17.94, 5, -2.08253e-11, 10
17.95, 5, -2.04782e-11, 10
17.96, 5, -2.01316e-11, 10
17.97, 5, -1.97875e-11, 10
17.98, 5, -1.94461e-11, 10
17.99, 5, -1.91074e-11, 10
18, 5, -1.87715e-11, 10
18.01, 5, -1.84387e-11, 10
18.02, 5, -1.8107e-11, 10
18.03, 5, -1.77786e-11, 10
18.04, 5, -1.74535e-11, 10
18.05, 5, -1.71299e-11, 10
18.06, 5, -1.68098e-11, 10
18.07, 5, -1.64933e-11, 10
18.08, 5, -1.61787e-11, 10
18.09, 5, -1.58679e-11, 10
18.1, 5, -1.55591e-11, 10
18.11, 5, -1.52544e-11, 10
18.12, 5, -1.49519e-11, 10
18.13, 5, -1.46535e-11, 10
18.14, 5, -1.43576e-11, 10
18.15, 5, -1.40643e-11, 10
18.16, 5, -1.37753e-11, 10
18.17, 5, -1.34891e-11, 10
18.18, 5, -1.32057e-11, 10
18.19, 5, -1.29251e-11, 10
18.2, 5, -1.26475e-11, 10
18.21, 5, -1.23747e-11, 10
18.22, 5, -1.21051e-11, 10
18.23, 5, -1.18386e-11, 10
18.24, 5, -1.15754e-11, 10
18.25, 5, -1.13156e-11, 10
18.26, 5, -1.10591e-11, 10
18.27, 5, -1.08044e-11, 10
18.28, 5, -1.05531e-11, 10
18.29, 5, -1.03055e-11, 10
18.3, 5, -1.00616e-11, 10
18.31, 5, -9.82145e-12, 10
18.32, 5, -9.5833e-12, 10
18.33, 5, -9.34901e-12, 10
18.34, 5, -9.11867e-12, 10
18.35, 5, -8.89053e-12, 10
18.36, 5, -8.66644e-12, 10
18.37, 5, -8.44467e-12, 10
18.38, 5, -8.22707e-12, 10
18.39, 5, -8.01189e-12, 10
18.4, 5, -7.801e-12, 10
18.41, 5, -7.59264e-12, 10
18.42, 5, -7.38867e-12, 10
18.43, 5, -7.18735e-12, 10
18.44, 5, -6.98871e-12, 10
18.45, 5, -6.79281e-12, 10
18.46, 5, -6.6015e-12, 10
18.47, 5, -6.41302e-12, 10
18.48, 5, -6.22742e-12, 10
18.49, 5, -6.04475e-12, 10
18.5, 5, -5.86504e-12, 10
18.51, 5, -5.68833e-12, 10
18.52, 5, -5.51467e-12, 10
18.53, 5, -5.34409e-12, 10
18.54, 5, -5.17665e-12, 10
18.55, 5, -5.01236e-12, 10
18.56, 5, -4.85129e-12, 10
18.57, 5, -4.69165e-12, 10
18.58, 5, -4.53527e-12, 10
18.59, 5, -4.3822e-12, 10
18.6, 5, -4.23247e-12, 10
18.61, 5, -4.08431e-12, 10
18.62, 5, -3.93955e-12, 10
18.63, 5, -3.79823e-12, 10
18.64, 5, -3.65857e-12, 10
18.65, 5, -3.5224e-12, 10
18.66, 5, -3.38795e-12, 10
18.67, 5, -3.25705e-12, 10
18.68, 5, -3.12791e-12, 10
18.69, 5, -3.00238e-12, 10
18.7, 5, -2.87867e-12, 10
18.71, 5, -2.75861e-12, 10
18.72, 5, -2.64043e-12, 10
18.73, 5, -2.52415e-12, 10
18.74, 5, -2.41158e-12, 10
18.75, 5, -2.30095e-12, 10
18.76, 5, -2.19229e-12, 10
18.77, 5, -2.0856e-12, 10
18.78, 5, -1.98271e-12, 10
18.79, 5, -1.88185e-12, 10
18.8, 5, -1.78302e-12, 10
18.81, 5, -1.68625e-12, 10
18.82, 5, -1.59155e-12, 10
18.83, 5, -1.49893e-12, 10
18.84, 5, -1.40841e-12, 10
18.85, 5, -1.32e-12, 10
18.86, 5, -1.23372e-12, 10
18.87, 5, -1.14958e-12, 10
18.88, 5, -1.0676e-12, 10
18.89, 5, -9.87791e-13, 10
18.9, 5, -9.10163e-13, 10
18.91, 5, -8.34732e-13, 10
18.92, 5, -7.61512e-13, 10
18.93, 5, -6.88704e-13, 10
18.94, 5, -6.18117e-13, 10
18.95, 5, -5.49764e-13, 10
18.96, 5, -4.83657e-13, 10
18.97, 5, -4.1981e-13, 10
18.98, 5, -3.56423e-13, 10
18.99, 5, -2.95305e-13, 10
19, 5, -2.36468e-13, 10
19.01, 5, -1.78112e-13, 10
19.02, 5, -1.22046e-13, 10
19.03, 5, -6.82807e-14, 10
19.04, 5, -1.50177e-14, 10
19.05, 5, 3.59363e-14, 10
19.06, 5, 8.63807e-14, 10
19.07, 5, 1.34509e-13, 10
19.08, 5, 1.80308e-13, 10
19.09, 5, 2.25579e-13, 10
19.1, 5, 2.68513e-13, 10
19.11, 5, 3.10912e-13, 10
19.12, 5, 3.50969e-13, 10
19.13, 5, 3.90482e-13, 10
19.14, 5, 4.29459e-13, 10
19.15, 5, 4.66091e-13, 10
19.16, 5, 5.0218e-13, 10
19.17, 5, 5.35918e-13, 10
19.18, 5, 5.69106e-13, 10
19.19, 5, 6.01749e-13, 10
19.2, 5, 6.3204e-13, 10
19.21, 5, 6.6178e-13, 10
19.22, 5, 6.90973e-13, 10
19.23, 5, 7.17814e-13, 10
19.24, 5, 7.44103e-13, 10
19.25, 5, 7.69844e-13, 10
19.26, 5, 7.93232e-13, 10
19.27, 5, 8.16066e-13, 10
19.28, 5, 8.38352e-13, 10
19.29, 5, 8.60096e-13, 10
19.3, 5, 8.7949e-13, 10
19.31, 5, 8.98335e-13, 10
19.32, 5, 9.16637e-13, 10
19.33, 5, 9.344e-13, 10
19.34, 5, 9.49818e-13, 10
19.35, 5, 9.64692e-13, 10
19.36, 5, 9.79026e-13, 10
19.37, 5, 9.92825e-13, 10
19.38, 5, 1.0061e-12, 10
19.39, 5, 1.01884e-12, 10
19.4, 5, 1.03107e-12, 10
19.41, 5, 1.04098e-12, 10
19.42, 5, 1.05036e-12, 10
19.43, 5, 1.05921e-12, 10
19.44, 5, 1.06756e-12, 10
19.45, 5, 1.07539e-12, 10
19.46, 5, 1.08272e-12, 10
19.47, 5, 1.08955e-12, 10
19.48, 5, 1.09589e-12, 10
19.49, 5, 1.10173e-12, 10
19.5, 5, 1.10709e-12, 10
19.51, 5, 1.11197e-12, 10
19.52, 5, 1.11457e-12, 10
19.53, 5, 1.11667e-12, 10
19.54, 5, 1.1183e-12, 10
19.55, 5, 1.11944e-12, 10
19.56, 5, 1.12011e-12, 10
19.57, 5, 1.12032e-12, 10
19.58, 5, 1.12006e-12, 10
19.59, 5, 1.11934e-12, 10
19.6, 5, 1.11816e-12, 10
19.61, 5, 1.11654e-12, 10
19.62, 5, 1.11447e-12, 10
19.63, 5, 1.11195e-12, 10
19.64, 5, 1.10901e-12, 10
19.65, 5, 1.10744e-12, 10
19.66, 5, 1.10546e-12, 10
19.67, 5, 1.10307e-12, 10
19.68, 5, 1.10028e-12, 10
19.69, 5, 1.0971e-12, 10
19.7, 5, 1.09351e-12, 10
19.71, 5, 1.08954e-12, 10
19.72, 5, 1.08518e-12, 10
19.73, 5, 1.08044e-12, 10
19.74, 5, 1.07532e-12, 10
19.75, 5, 1.06983e-12, 10
19.76, 5, 1.06396e-12, 10
19.77, 5, 1.05773e-12, 10
19.78, 5, 1.05113e-12, 10
19.79, 5, 1.04417e-12, 10
19.8, 5, 1.03686e-12, 10
19.81, 5, 1.02919e-12, 10
19.82, 5, 1.02117e-12, 10
19.83, 5, 1.01462e-12, 10
19.84, 5, 1.00774e-12, 10
19.85, 5, 1.00054e-12, 10
19.86, 5, 9.9302e-13, 10
19.87, 5, 9.85186e-13, 10
19.88, 5, 9.7704e-13, 10
19.89, 5, 9.68584e-13, 10
19.9, 5, 9.59822e-13, 10
19.91, 5, 9.50756e-13, 10
19.92, 5, 9.41391e-13, 10
19.93, 5, 9.31728e-13, 10
19.94, 5, 9.23583e-13, 10
19.95, 5, 9.15165e-13, 10
19.96, 5, 9.06475e-13, 10
19.97, 5, 8.97517e-13, 10
19.98, 5, 8.88293e-13, 10
19.99, 5, 8.78806e-13, 10