========================================
Experiment: PI Controller + Point Mass
========================================

Simulation Parameters
---------------------
Target Position : 10.0 m
Simulation Time : 20.0 s
Time Step (dt) : 0.01 s

Controller
----------
Kp : 2.0
Ki : 1.0

Plant
-----
Mass : 1.0 kg

Observed Results
----------------
- Position overshot the target significantly.
- Oscillations increased over time.
- Maximum observed position: 700+
- PI control is very unstable for point mass

Logs
----
time,position,velocity,controller_output
0, 0, 0, 20.1
0.01, 0.00201, 0.201, 20.196
0.02, 0.0060396, 0.40296, 20.2878
0.03, 0.012098, 0.605838, 20.3756
0.04, 0.0201939, 0.809594, 20.4592
0.05, 0.0303358, 1.01419, 20.5386
0.06, 0.0425315, 1.21957, 20.6138
0.07, 0.0567886, 1.42571, 20.6847
0.08, 0.0731142, 1.63256, 20.7513
0.09, 0.0915149, 1.84007, 20.8136
0.1, 0.111997, 2.04821, 20.8715
0.11, 0.134566, 2.25692, 20.9251
0.12, 0.159228, 2.46617, 20.9741
0.13, 0.185987, 2.67591, 21.0188
0.14, 0.214848, 2.8861, 21.0589
0.15, 0.245815, 3.09669, 21.0945
0.16, 0.278891, 3.30764, 21.1256
0.17, 0.31408, 3.51889, 21.152
0.18, 0.351384, 3.73041, 21.1739
0.19, 0.390806, 3.94215, 21.1912
0.2, 0.432347, 4.15406, 21.2038
0.21, 0.476008, 4.3661, 21.2117
0.22, 0.52179, 4.57822, 21.2149
0.23, 0.569693, 4.79037, 21.2134
0.24, 0.619718, 5.0025, 21.2071
0.25, 0.671864, 5.21457, 21.1961
0.26, 0.726129, 5.42653, 21.1803
0.27, 0.782513, 5.63834, 21.1598
0.28, 0.841012, 5.84993, 21.1343
0.29, 0.901625, 6.06128, 21.1041
0.3, 0.964348, 6.27232, 21.069
0.31, 1.02918, 6.48301, 21.0291
0.32, 1.09611, 6.6933, 20.9842
0.33, 1.16514, 6.90314, 20.9345
0.34, 1.23627, 7.11249, 20.8799
0.35, 1.30948, 7.32129, 20.8204
0.36, 1.38478, 7.52949, 20.7559
0.37, 1.46215, 7.73705, 20.6866
0.38, 1.54158, 7.94391, 20.6123
0.39, 1.62309, 8.15004, 20.5331
0.4, 1.70664, 8.35537, 20.4489
0.41, 1.79224, 8.55986, 20.3598
0.42, 1.87987, 8.76345, 20.2657
0.43, 1.96953, 8.96611, 20.1667
0.44, 2.06121, 9.16778, 20.0627
0.45, 2.15489, 9.36841, 19.9538
0.46, 2.25057, 9.56794, 19.8399
0.47, 2.34824, 9.76634, 19.7211
0.48, 2.44787, 9.96355, 19.5974
0.49, 2.54947, 10.1595, 19.4687
0.5, 2.65301, 10.3542, 19.3351
0.51, 2.75849, 10.5476, 19.1965
0.52, 2.86588, 10.7395, 19.0531
0.53, 2.97518, 10.9301, 18.9047
0.54, 3.08637, 11.1191, 18.7515
0.55, 3.19944, 11.3066, 18.5934
0.56, 3.31437, 11.4926, 18.4304
0.57, 3.43113, 11.6769, 18.2625
0.58, 3.54973, 11.8595, 18.0898
0.59, 3.67013, 12.0404, 17.9123
0.6, 3.79233, 12.2195, 17.73
0.61, 3.9163, 12.3968, 17.5429
0.62, 4.04202, 12.5722, 17.351
0.63, 4.16948, 12.7457, 17.1544
0.64, 4.29865, 12.9173, 16.9531
0.65, 4.42952, 13.0868, 16.7471
0.66, 4.56206, 13.2543, 16.5364
0.67, 4.69626, 13.4197, 16.321
0.68, 4.83208, 13.5829, 16.101
0.69, 4.96952, 13.7439, 15.8765
0.7, 5.10855, 13.9026, 15.6473
0.71, 5.24914, 14.0591, 15.4136
0.72, 5.39127, 14.2133, 15.1755
0.73, 5.53492, 14.365, 14.9328
0.74, 5.68007, 14.5143, 14.6857
0.75, 5.82668, 14.6612, 14.4342
0.76, 5.97473, 14.8055, 14.1784
0.77, 6.12421, 14.9473, 13.9182
0.78, 6.27507, 15.0865, 13.6537
0.79, 6.4273, 15.223, 13.385
0.8, 6.58087, 15.3569, 13.112
0.81, 6.73575, 15.488, 12.8349
0.82, 6.89192, 15.6164, 12.5537
0.83, 7.04933, 15.7419, 12.2683
0.84, 7.20798, 15.8646, 11.979
0.85, 7.36782, 15.9844, 11.6856
0.86, 7.52884, 16.1012, 11.3883
0.87, 7.69099, 16.2151, 11.0871
0.88, 7.85425, 16.326, 10.782
0.89, 8.01858, 16.4338, 10.4732
0.9, 8.18397, 16.5385, 10.1605
0.91, 8.35037, 16.6401, 9.84424
0.92, 8.51776, 16.7386, 9.52429
0.93, 8.6861, 16.8338, 9.20075
0.94, 8.85535, 16.9258, 8.87368
0.95, 9.0255, 17.0146, 8.54313
0.96, 9.1965, 17.1, 8.20917
0.97, 9.36832, 17.1821, 7.87184
0.98, 9.54093, 17.2608, 7.53122
0.99, 9.71429, 17.3361, 7.18735
1, 9.88837, 17.408, 6.84031
1.01, 10.0631, 17.4764, 6.49015
1.02, 10.2385, 17.5413, 6.13694
1.03, 10.4146, 17.6027, 5.78074
1.04, 10.5912, 17.6605, 5.42162
1.05, 10.7683, 17.7147, 5.05964
1.06, 10.946, 17.7653, 4.69488
1.07, 11.1241, 17.8122, 4.32739
1.08, 11.3027, 17.8555, 3.95725
1.09, 11.4816, 17.8951, 3.58454
1.1, 11.6609, 17.9309, 3.20931
1.11, 11.8405, 17.963, 2.83164
1.12, 12.0205, 17.9913, 2.45161
1.13, 12.2006, 18.0158, 2.06929
1.14, 12.381, 18.0365, 1.68475
1.15, 12.5615, 18.0534, 1.29806
1.16, 12.7422, 18.0664, 0.909315
1.17, 12.9229, 18.0755, 0.518576
1.18, 13.1037, 18.0806, 0.125926
1.19, 13.2846, 18.0819, -0.268558
1.2, 13.4654, 18.0792, -0.664796
1.21, 13.6461, 18.0726, -1.06271
1.22, 13.8267, 18.0619, -1.46221
1.23, 14.0072, 18.0473, -1.86323
1.24, 14.1875, 18.0287, -2.26568
1.25, 14.3675, 18.006, -2.66948
1.26, 14.5473, 17.9793, -3.07454
1.27, 14.7268, 17.9486, -3.48078
1.28, 14.9059, 17.9138, -3.88811
1.29, 15.0847, 17.8749, -4.29646
1.3, 15.263, 17.8319, -4.70573
1.31, 15.4409, 17.7849, -5.11583
1.32, 15.6182, 17.7337, -5.52669
1.33, 15.795, 17.6785, -5.93821
1.34, 15.9712, 17.6191, -6.3503
1.35, 16.1467, 17.5556, -6.76288
1.36, 16.3216, 17.4879, -7.17585
1.37, 16.4958, 17.4162, -7.58914
1.38, 16.6692, 17.3403, -8.00263
1.39, 16.8418, 17.2603, -8.41626
1.4, 17.0135, 17.1761, -8.82991
1.41, 17.1844, 17.0878, -9.24351
1.42, 17.3544, 16.9954, -9.65697
1.43, 17.5233, 16.8988, -10.0702
1.44, 17.6913, 16.7981, -10.483
1.45, 17.8583, 16.6933, -10.8955
1.46, 18.0241, 16.5843, -11.3074
1.47, 18.1888, 16.4712, -11.7187
1.48, 18.3524, 16.3541, -12.1293
1.49, 18.5147, 16.2328, -12.5391
1.5, 18.6758, 16.1074, -12.9481
1.51, 18.8355, 15.9779, -13.356
1.52, 18.994, 15.8443, -13.7628
1.53, 19.151, 15.7067, -14.1684
1.54, 19.3067, 15.565, -14.5728
1.55, 19.4609, 15.4193, -14.9758
1.56, 19.6136, 15.2695, -15.3773
1.57, 19.7647, 15.1158, -15.7773
1.58, 19.9143, 14.958, -16.1756
1.59, 20.0623, 14.7962, -16.5721
1.6, 20.2086, 14.6305, -16.9668
1.61, 20.3532, 14.4608, -17.3596
1.62, 20.4961, 14.2872, -17.7503
1.63, 20.6372, 14.1097, -18.1389
1.64, 20.7765, 13.9284, -18.5252
1.65, 20.9139, 13.7431, -18.9092
1.66, 21.0494, 13.554, -19.2908
1.67, 21.183, 13.3611, -19.6698
1.68, 21.3147, 13.1644, -20.0462
1.69, 21.4443, 12.9639, -20.42
1.7, 21.5719, 12.7597, -20.7909
1.71, 21.6974, 12.5518, -21.1589
1.72, 21.8208, 12.3402, -21.5239
1.73, 21.9421, 12.125, -21.8858
1.74, 22.0611, 11.9061, -22.2446
1.75, 22.178, 11.6837, -22.6
1.76, 22.2926, 11.4577, -22.9521
1.77, 22.4048, 11.2282, -23.3007
1.78, 22.5148, 10.9952, -23.6458
1.79, 22.6224, 10.7587, -23.9872
1.8, 22.7276, 10.5188, -24.3248
1.81, 22.8303, 10.2756, -24.6586
1.82, 22.9306, 10.029, -24.9885
1.83, 23.0284, 9.77912, -25.3144
1.84, 23.1237, 9.52598, -25.6361
1.85, 23.2164, 9.26962, -25.9537
1.86, 23.3065, 9.01008, -26.267
1.87, 23.3939, 8.74741, -26.5758
1.88, 23.4788, 8.48165, -26.8803
1.89, 23.5609, 8.21285, -27.1801
1.9, 23.6403, 7.94105, -27.4754
1.91, 23.717, 7.6663, -27.7659
1.92, 23.7908, 7.38864, -28.0515
1.93, 23.8619, 7.10812, -28.3323
1.94, 23.9302, 6.8248, -28.6081
1.95, 23.9956, 6.53872, -28.8788
1.96, 24.0581, 6.24993, -29.1444
1.97, 24.1176, 5.95849, -29.4048
1.98, 24.1743, 5.66444, -29.6598
1.99, 24.228, 5.36784, -29.9094
2, 24.2787, 5.06875, -30.1536
2.01, 24.3263, 4.76721, -30.3922
2.02, 24.371, 4.46329, -30.6252
2.03, 24.4125, 4.15704, -30.8524
2.04, 24.451, 3.84851, -31.0739
2.05, 24.4864, 3.53777, -31.2895
2.06, 24.5186, 3.22488, -31.4992
2.07, 24.5477, 2.90988, -31.7029
2.08, 24.5737, 2.59286, -31.9005
2.09, 24.5964, 2.27385, -32.0919
2.1, 24.6159, 1.95293, -32.2772
2.11, 24.6322, 1.63016, -32.4561
2.12, 24.6453, 1.3056, -32.6286
2.13, 24.6551, 0.979312, -32.7948
2.14, 24.6616, 0.651364, -32.9544
2.15, 24.6648, 0.32182, -33.1075
2.16, 24.6647, -0.00925525, -33.254
2.17, 24.6613, -0.341795, -33.3938
2.18, 24.6546, -0.675733, -33.5268
2.19, 24.6444, -1.011, -33.653
2.2, 24.631, -1.34753, -33.7724
2.21, 24.6141, -1.68525, -33.8848
2.22, 24.5939, -2.0241, -33.9903
2.23, 24.5702, -2.364, -34.0887
2.24, 24.5432, -2.70489, -34.18
2.25, 24.5127, -3.04669, -34.2642
2.26, 24.4788, -3.38933, -34.3412
2.27, 24.4415, -3.73275, -34.411
2.28, 24.4007, -4.07686, -34.4734
2.29, 24.3565, -4.42159, -34.5286
2.3, 24.3088, -4.76688, -34.5763
2.31, 24.2577, -5.11264, -34.6167
2.32, 24.2031, -5.45881, -34.6495
2.33, 24.1451, -5.8053, -34.6749
2.34, 24.0836, -6.15205, -34.6926
2.35, 24.0186, -6.49898, -34.7029
2.36, 23.9501, -6.846, -34.7054
2.37, 23.8782, -7.19306, -34.7004
2.38, 23.8028, -7.54006, -34.6876
2.39, 23.7239, -7.88694, -34.6671
2.4, 23.6416, -8.23361, -34.6388
2.41, 23.5558, -8.58, -34.6028
2.42, 23.4665, -8.92602, -34.5589
2.43, 23.3738, -9.27161, -34.5072
2.44, 23.2776, -9.61669, -34.4477
2.45, 23.178, -9.96116, -34.3802
2.46, 23.075, -10.305, -34.3049
2.47, 22.9685, -10.648, -34.2216
2.48, 22.8586, -10.9902, -34.1304
2.49, 22.7453, -11.3315, -34.0312
2.5, 22.6285, -11.6718, -33.9241
2.51, 22.5084, -12.0111, -33.8089
2.52, 22.3849, -12.3492, -33.6858
2.53, 22.2581, -12.686, -33.5546
2.54, 22.1279, -13.0216, -33.4155
2.55, 21.9943, -13.3557, -33.2683
2.56, 21.8574, -13.6884, -33.1131
2.57, 21.7172, -14.0195, -32.9499
2.58, 21.5737, -14.349, -32.7787
2.59, 21.427, -14.6768, -32.5994
2.6, 21.2769, -15.0028, -32.4121
2.61, 21.1237, -15.327, -32.2168
2.62, 20.9672, -15.6491, -32.0135
2.63, 20.8075, -15.9693, -31.8022
2.64, 20.6446, -16.2873, -31.5829
2.65, 20.4786, -16.6031, -31.3556
2.66, 20.3094, -16.9167, -31.1204
2.67, 20.1371, -17.2279, -30.8772
2.68, 19.9618, -17.5366, -30.6261
2.69, 19.7833, -17.8429, -30.367
2.7, 19.6019, -18.1466, -30.1001
2.71, 19.4174, -18.4476, -29.8254
2.72, 19.2299, -18.7458, -29.5427
2.73, 19.0395, -19.0412, -29.2523
2.74, 18.8462, -19.3338, -28.9541
2.75, 18.65, -19.6233, -28.6481
2.76, 18.4509, -19.9098, -28.3344
2.77, 18.2489, -20.1931, -28.0131
2.78, 18.0442, -20.4733, -27.684
2.79, 17.8367, -20.7501, -27.3474
2.8, 17.6265, -21.0236, -27.0032
2.81, 17.4135, -21.2936, -26.6515
2.82, 17.1979, -21.5601, -26.2922
2.83, 16.9797, -21.8231, -25.9256
2.84, 16.7589, -22.0823, -25.5515
2.85, 16.5355, -22.3378, -25.1701
2.86, 16.3096, -22.5895, -24.7814
2.87, 16.0812, -22.8373, -24.3855
2.88, 15.8504, -23.0812, -23.9824
2.89, 15.6172, -23.321, -23.5721
2.9, 15.3816, -23.5567, -23.1548
2.91, 15.1438, -23.7883, -22.7305
2.92, 14.9036, -24.0156, -22.2992
2.93, 14.6612, -24.2386, -21.861
2.94, 14.4166, -24.4572, -21.4161
2.95, 14.1699, -24.6714, -20.9643
2.96, 13.9211, -24.881, -20.5059
2.97, 13.6703, -25.0861, -20.0409
2.98, 13.4174, -25.2865, -19.5694
2.99, 13.1626, -25.4822, -19.0913
3, 12.9058, -25.6731, -18.6069
3.01, 12.6473, -25.8591, -18.1162
3.02, 12.3868, -26.0403, -17.6193
3.03, 12.1247, -26.2165, -17.1162
3.04, 11.8608, -26.3877, -16.6071
3.05, 11.5953, -26.5537, -16.0919
3.06, 11.3281, -26.7147, -15.5709
3.07, 11.0594, -26.8704, -15.0441
3.08, 10.7892, -27.0208, -14.5116
3.09, 10.5176, -27.1659, -13.9734
3.1, 10.2445, -27.3057, -13.4298
3.11, 9.9701, -27.44, -12.8807
3.12, 9.69441, -27.5688, -12.3262
3.13, 9.41749, -27.692, -11.7666
3.14, 9.13939, -27.8097, -11.2018
3.15, 8.86017, -27.9217, -10.632
3.16, 8.57989, -28.028, -10.0572
3.17, 8.29861, -28.1286, -9.4776
3.18, 8.01637, -28.2234, -8.8933
3.19, 7.73325, -28.3123, -8.30439
3.2, 7.4493, -28.3953, -7.71097
3.21, 7.16457, -28.4725, -7.11317
3.22, 6.87914, -28.5436, -6.51109
3.23, 6.59305, -28.6087, -5.90484
3.24, 6.30637, -28.6677, -5.29455
3.25, 6.01917, -28.7207, -4.68033
3.26, 5.73149, -28.7675, -4.0623
3.27, 5.44341, -28.8081, -3.44057
3.28, 5.15498, -28.8425, -2.81527
3.29, 4.86628, -28.8707, -2.18652
3.3, 4.57735, -28.8925, -1.55444
3.31, 4.28827, -28.9081, -0.91916
3.32, 3.9991, -28.9173, -0.280805
3.33, 3.7099, -28.9201, 0.360498
3.34, 3.42073, -28.9165, 1.00462
3.35, 3.13167, -28.9064, 1.65143
3.36, 2.84277, -28.8899, 2.3008
3.37, 2.5541, -28.8669, 2.9526
3.38, 2.26573, -28.8374, 3.60669
3.39, 1.97771, -28.8013, 4.26294
3.4, 1.69013, -28.7587, 4.92121
3.41, 1.40303, -28.7095, 5.58137
3.42, 1.11649, -28.6537, 6.24328
3.43, 0.830582, -28.5912, 6.9068
3.44, 0.54536, -28.5222, 7.57179
3.45, 0.260896, -28.4464, 8.23811
3.46, -0.022745, -28.3641, 8.90562
3.47, -0.305495, -28.275, 9.57417
3.48, -0.587288, -28.1793, 10.2436
3.49, -0.868056, -28.0768, 10.9138
3.5, -1.14773, -27.9677, 11.5847
3.51, -1.42625, -27.8518, 12.256
3.52, -1.70354, -27.7293, 12.9276
3.53, -1.97954, -27.6, 13.5994
3.54, -2.25418, -27.464, 14.2712
3.55, -2.5274, -27.3213, 14.9429
3.56, -2.79912, -27.1719, 15.6143
3.57, -3.06927, -27.0157, 16.2854
3.58, -3.3378, -26.8529, 16.9558
3.59, -3.60464, -26.6833, 17.6255
3.6, -3.86971, -26.5071, 18.2943
3.61, -4.13295, -26.3241, 18.9622
3.62, -4.39429, -26.1345, 19.6288
3.63, -4.65367, -25.9382, 20.2941
3.64, -4.91103, -25.7353, 20.9579
3.65, -5.16628, -25.5257, 21.6201
3.66, -5.41938, -25.3095, 22.2805
3.67, -5.67025, -25.0867, 22.9389
3.68, -5.91882, -24.8573, 23.5952
3.69, -6.16503, -24.6213, 24.2493
3.7, -6.40882, -24.3789, 24.901
3.71, -6.65012, -24.1298, 25.5501
3.72, -6.88886, -23.8743, 26.1964
3.73, -7.12499, -23.6124, 26.8399
3.74, -7.35843, -23.344, 27.4804
3.75, -7.58912, -23.0692, 28.1177
3.76, -7.817, -22.788, 28.7516
3.77, -8.042, -22.5005, 29.382
3.78, -8.26407, -22.2067, 30.0088
3.79, -8.48314, -21.9066, 30.6318
3.8, -8.69914, -21.6003, 31.2508
3.81, -8.91202, -21.2877, 31.8657
3.82, -9.12171, -20.9691, 32.4763
3.83, -9.32815, -20.6443, 33.0824
3.84, -9.53128, -20.3135, 33.684
3.85, -9.73105, -19.9767, 34.2808
3.86, -9.92739, -19.6339, 34.8728
3.87, -10.1202, -19.2851, 35.4597
3.88, -10.3095, -18.9305, 36.0414
3.89, -10.4952, -18.5701, 36.6178
3.9, -10.6773, -18.2039, 37.1886
3.91, -10.8556, -17.8321, 37.7538
3.92, -11.0302, -17.4545, 38.3132
3.93, -11.2009, -17.0714, 38.8666
3.94, -11.3677, -16.6827, 39.414
3.95, -11.5306, -16.2886, 39.955
3.96, -11.6895, -15.889, 40.4897
3.97, -11.8443, -15.4841, 41.0178
3.98, -11.9951, -15.0739, 41.5393
3.99, -12.1416, -14.6586, 42.0539
4, -12.284, -14.238, 42.5615
4.01, -12.4221, -13.8124, 43.0619
4.02, -12.556, -13.3818, 43.5551
4.03, -12.6854, -12.9462, 44.0409
4.04, -12.8105, -12.5058, 44.5191
4.05, -12.9311, -12.0606, 44.9897
4.06, -13.0472, -11.6107, 45.4523
4.07, -13.1588, -11.1562, 45.9071
4.08, -13.2657, -10.6971, 46.3537
4.09, -13.3681, -10.2336, 46.792
4.1, -13.4657, -9.76569, 47.222
4.11, -13.5587, -9.29347, 47.6434
4.12, -13.6468, -8.81703, 48.0562
4.13, -13.7302, -8.33647, 48.4603
4.14, -13.8087, -7.85187, 48.8554
4.15, -13.8823, -7.36331, 49.2415
4.16, -13.951, -6.8709, 49.6184
4.17, -14.0148, -6.37471, 49.9861
4.18, -14.0735, -5.87485, 50.3443
4.19, -14.1273, -5.37141, 50.693
4.2, -14.1759, -4.86448, 51.032
4.21, -14.2194, -4.35416, 51.3613
4.22, -14.2579, -3.84055, 51.6807
4.23, -14.2911, -3.32374, 51.9901
4.24, -14.3191, -2.80384, 52.2894
4.25, -14.3419, -2.28094, 52.5784
4.26, -14.3595, -1.75516, 52.8571
4.27, -14.3718, -1.22659, 53.1253
4.28, -14.3787, -0.695336, 53.383
4.29, -14.3803, -0.161506, 53.6301
4.3, -14.3766, 0.374795, 53.8663
4.31, -14.3674, 0.913458, 54.0917
4.32, -14.3529, 1.45438, 54.3062
4.33, -14.3329, 1.99744, 54.5096
4.34, -14.3075, 2.54253, 54.7018
4.35, -14.2766, 3.08955, 54.8828
4.36, -14.2402, 3.63838, 55.0524
4.37, -14.1983, 4.1889, 55.2106
4.38, -14.1509, 4.74101, 55.3573
4.39, -14.098, 5.29458, 55.4924
4.4, -14.0395, 5.84951, 55.6158
4.41, -13.9754, 6.40566, 55.7274
4.42, -13.9058, 6.96294, 55.8272
4.43, -13.8306, 7.52121, 55.9151
4.44, -13.7498, 8.08036, 55.991
4.45, -13.6634, 8.64027, 56.0548
4.46, -13.5714, 9.20082, 56.1065
4.47, -13.4737, 9.76189, 56.146
4.48, -13.3705, 10.3233, 56.1733
4.49, -13.2617, 10.8851, 56.1882
4.5, -13.1472, 11.447, 56.1907
4.51, -13.0271, 12.0089, 56.1808
4.52, -12.9014, 12.5707, 56.1584
4.53, -12.7701, 13.1323, 56.1235
4.54, -12.6331, 13.6935, 56.0759
4.55, -12.4906, 14.2543, 56.0157
4.56, -12.3425, 14.8144, 55.9429
4.57, -12.1887, 15.3738, 55.8573
4.58, -12.0294, 15.9324, 55.7589
4.59, -11.8645, 16.49, 55.6478
4.6, -11.694, 17.0465, 55.5238
4.61, -11.518, 17.6017, 55.3869
4.62, -11.3365, 18.1556, 55.2372
4.63, -11.1494, 18.708, 55.0745
4.64, -10.9568, 19.2587, 54.8989
4.65, -10.7587, 19.8077, 54.7104
4.66, -10.5552, 20.3548, 54.5088
4.67, -10.3462, 20.8999, 54.2943
4.68, -10.1317, 21.4428, 54.0667
4.69, -9.9119, 21.9835, 53.8262
4.7, -9.68668, 22.5218, 53.5726
4.71, -9.45611, 23.0575, 53.306
4.72, -9.2202, 23.5905, 53.0264
4.73, -8.97899, 24.1208, 52.7338
4.74, -8.73251, 24.6481, 52.4282
4.75, -8.48079, 25.1724, 52.1095
4.76, -8.22385, 25.6935, 51.7779
4.77, -7.96174, 26.2113, 51.4333
4.78, -7.69448, 26.7256, 51.0757
4.79, -7.42212, 27.2364, 50.7052
4.8, -7.14468, 27.7434, 50.3218
4.81, -6.86222, 28.2467, 49.9255
4.82, -6.57476, 28.7459, 49.5163
4.83, -6.28235, 29.2411, 49.0943
4.84, -5.98503, 29.732, 48.6595
4.85, -5.68284, 30.2186, 48.212
4.86, -5.37583, 30.7007, 47.7517
4.87, -5.06405, 31.1783, 47.2788
4.88, -4.74754, 31.651, 46.7932
4.89, -4.42635, 32.119, 46.2951
4.9, -4.10053, 32.5819, 45.7845
4.91, -3.77013, 33.0398, 45.2614
4.92, -3.43521, 33.4924, 44.7259
4.93, -3.09581, 33.9396, 44.1781
4.94, -2.752, 34.3814, 43.618
4.95, -2.40382, 34.8176, 43.0456
4.96, -2.05134, 35.2481, 42.4612
4.97, -1.69462, 35.6727, 41.8647
4.98, -1.3337, 36.0913, 41.2562
4.99, -0.968663, 36.5039, 40.6358
5, -0.599561, 36.9102, 40.0036
5.01, -0.226458, 37.3103, 39.3597
5.02, 0.15058, 37.7039, 38.7041
5.03, 0.531489, 38.0909, 38.0369
5.04, 0.916202, 38.4713, 37.3584
5.05, 1.30465, 38.8449, 36.6684
5.06, 1.69677, 39.2115, 35.9672
5.07, 2.09248, 39.5712, 35.2549
5.08, 2.49172, 39.9238, 34.5315
5.09, 2.89441, 40.2691, 33.7971
5.1, 3.30048, 40.6071, 33.052
5.11, 3.70985, 40.9376, 32.2961
5.12, 4.12246, 41.2605, 31.5297
5.13, 4.53822, 41.5758, 30.7528
5.14, 4.95705, 41.8834, 29.9656
5.15, 5.37888, 42.183, 29.1681
5.16, 5.80363, 42.4747, 28.3606
5.17, 6.23121, 42.7583, 27.5431
5.18, 6.66155, 43.0337, 26.7158
5.19, 7.09456, 43.3009, 25.8789
5.2, 7.53015, 43.5597, 25.0324
5.21, 7.96825, 43.81, 24.1765
5.22, 8.40877, 44.0518, 23.3114
5.23, 8.85162, 44.2849, 22.4371
5.24, 9.29671, 44.5093, 21.554
5.25, 9.74396, 44.7248, 20.6621
5.26, 10.1933, 44.9314, 19.7615
5.27, 10.6446, 45.129, 18.8525
5.28, 11.0977, 45.3176, 17.9351
5.29, 11.5527, 45.4969, 17.0097
5.3, 12.0094, 45.667, 16.0762
5.31, 12.4677, 45.8278, 15.135
5.32, 12.9274, 45.9791, 14.1862
5.33, 13.3887, 46.121, 13.2298
5.34, 13.8512, 46.2533, 12.2663
5.35, 14.315, 46.3759, 11.2956
5.36, 14.7798, 46.4889, 10.318
5.37, 15.2458, 46.5921, 9.33373
5.38, 15.7126, 46.6854, 8.34289
5.39, 16.1803, 46.7688, 7.34571
5.4, 16.6487, 46.8423, 6.34238
5.41, 17.1178, 46.9057, 5.33309
5.42, 17.5874, 46.9591, 4.31803
5.43, 18.0574, 47.0022, 3.29742
5.44, 18.5277, 47.0352, 2.27143
5.45, 18.9983, 47.0579, 1.24029
5.46, 19.469, 47.0703, 0.204195
5.47, 19.9398, 47.0724, -0.83665
5.48, 20.4104, 47.064, -1.88203
5.49, 20.8808, 47.0452, -2.93175
5.5, 21.351, 47.0159, -3.98557
5.51, 21.8208, 46.976, -5.0433
5.52, 22.29, 46.9256, -6.10471
5.53, 22.7587, 46.8645, -7.16959
5.54, 23.2266, 46.7928, -8.23771
5.55, 23.6937, 46.7105, -9.30886
5.56, 24.1599, 46.6174, -10.3828
5.57, 24.625, 46.5135, -11.4593
5.58, 25.089, 46.3989, -12.5382
5.59, 25.5517, 46.2736, -13.6192
5.6, 26.0131, 46.1374, -14.7021
5.61, 26.473, 45.9904, -15.7866
5.62, 26.9313, 45.8325, -16.8726
5.63, 27.388, 45.6638, -17.9597
5.64, 27.8428, 45.4842, -19.0478
5.65, 28.2958, 45.2937, -20.1367
5.66, 28.7467, 45.0923, -21.226
5.67, 29.1955, 44.8801, -22.3155
5.68, 29.642, 44.6569, -23.4051
5.69, 30.0863, 44.4229, -24.4944
5.7, 30.5281, 44.1779, -25.5832
5.71, 30.9673, 43.9221, -26.6714
5.72, 31.4038, 43.6554, -27.7585
5.73, 31.8376, 43.3778, -28.8444
5.74, 32.2685, 43.0893, -29.9289
5.75, 32.6964, 42.79, -31.0117
5.76, 33.1212, 42.4799, -32.0925
5.77, 33.5428, 42.159, -33.1711
5.78, 33.9611, 41.8273, -34.2472
5.79, 34.3759, 41.4848, -35.3207
5.8, 34.7872, 41.1316, -36.3912
5.81, 35.1949, 40.7677, -37.4585
5.82, 35.5988, 40.3931, -38.5224
5.83, 35.9989, 40.0079, -39.5825
5.84, 36.395, 39.6121, -40.6387
5.85, 36.7871, 39.2057, -41.6907
5.86, 37.175, 38.7888, -42.7382
5.87, 37.5586, 38.3614, -43.781
5.88, 37.9378, 37.9236, -44.8189
5.89, 38.3126, 37.4754, -45.8515
5.9, 38.6827, 37.0169, -46.8787
5.91, 39.0482, 36.5481, -47.9001
5.92, 39.4089, 36.0691, -48.9156
5.93, 39.7647, 35.5799, -49.9248
5.94, 40.1155, 35.0807, -50.9276
5.95, 40.4612, 34.5714, -51.9236
5.96, 40.8018, 34.0522, -52.9127
5.97, 41.137, 33.523, -53.8945
5.98, 41.4668, 32.9841, -54.8689
5.99, 41.7912, 32.4354, -55.8355
6, 42.11, 31.8771, -56.7941
6.01, 42.423, 31.3091, -57.7446
6.02, 42.7304, 30.7317, -58.6865
6.03, 43.0318, 30.1448, -59.6197
6.04, 43.3273, 29.5486, -60.544
6.05, 43.6167, 28.9432, -61.459
6.06, 43.9, 28.3286, -62.3646
6.07, 44.1771, 27.7049, -63.2604
6.08, 44.4478, 27.0723, -64.1463
6.09, 44.7121, 26.4309, -65.0221
6.1, 44.9699, 25.7806, -65.8874
6.11, 45.2211, 25.1218, -66.742
6.12, 45.4657, 24.4543, -67.5858
6.13, 45.7035, 23.7785, -68.4184
6.14, 45.9344, 23.0943, -69.2396
6.15, 46.1584, 22.4019, -70.0492
6.16, 46.3754, 21.7014, -70.847
6.17, 46.5854, 20.9929, -71.6327
6.18, 46.7881, 20.2766, -72.4062
6.19, 46.9836, 19.5526, -73.167
6.2, 47.1719, 18.8209, -73.9152
6.21, 47.3527, 18.0817, -74.6503
6.22, 47.526, 17.3352, -75.3723
6.23, 47.6918, 16.5815, -76.0809
6.24, 47.85, 15.8207, -76.7758
6.25, 48.0006, 15.0529, -77.4568
6.26, 48.1434, 14.2784, -78.1238
6.27, 48.2783, 13.4971, -78.7766
6.28, 48.4054, 12.7094, -79.4148
6.29, 48.5246, 11.9152, -80.0384
6.3, 48.6357, 11.1148, -80.647
6.31, 48.7388, 10.3084, -81.2406
6.32, 48.8338, 9.49596, -81.8188
6.33, 48.9205, 8.67777, -82.3816
6.34, 48.9991, 7.85396, -82.9286
6.35, 49.0693, 7.02467, -83.4598
6.36, 49.1312, 6.19007, -83.9749
6.37, 49.1847, 5.35032, -84.4738
6.38, 49.2298, 4.50559, -84.9562
6.39, 49.2664, 3.65602, -85.422
6.4, 49.2944, 2.8018, -85.871
6.41, 49.3138, 1.94309, -86.303
6.42, 49.3246, 1.08006, -86.7178
6.43, 49.3267, 0.212886, -87.1153
6.44, 49.3202, -0.658267, -87.4954
6.45, 49.3048, -1.53322, -87.8578
6.46, 49.2807, -2.4118, -88.2023
6.47, 49.2478, -3.29382, -88.5289
6.48, 49.206, -4.17911, -88.8374
6.49, 49.1553, -5.06749, -89.1276
6.5, 49.0957, -5.95876, -89.3994
6.51, 49.0272, -6.85276, -89.6526
6.52, 48.9497, -7.74928, -89.8871
6.53, 48.8632, -8.64815, -90.1028
6.54, 48.7677, -9.54918, -90.2995
6.55, 48.6632, -10.4522, -90.4771
6.56, 48.5496, -11.3569, -90.6354
6.57, 48.427, -12.2633, -90.7744
6.58, 48.2953, -13.171, -90.894
6.59, 48.1545, -14.08, -90.9939
6.6, 48.0046, -14.9899, -91.0742
6.61, 47.8456, -15.9007, -91.1346
6.62, 47.6775, -16.812, -91.1751
6.63, 47.5002, -17.7238, -91.1957
6.64, 47.3139, -18.6357, -91.1961
6.65, 47.1184, -19.5477, -91.1763
6.66, 46.9138, -20.4594, -91.1363
6.67, 46.7001, -21.3708, -91.0759
6.68, 46.4773, -22.2816, -90.995
6.69, 46.2453, -23.1915, -90.8936
6.7, 46.0043, -24.1005, -90.7717
6.71, 45.7543, -25.0082, -90.629
6.72, 45.4951, -25.9145, -90.4657
6.73, 45.2269, -26.8191, -90.2816
6.74, 44.9497, -27.7219, -90.0766
6.75, 44.6635, -28.6227, -89.8508
6.76, 44.3683, -29.5212, -89.6041
6.77, 44.0641, -30.4172, -89.3364
6.78, 43.751, -31.3106, -89.0477
6.79, 43.429, -32.2011, -88.7379
6.8, 43.0981, -33.0885, -88.4072
6.81, 42.7584, -33.9725, -88.0553
6.82, 42.4098, -34.8531, -87.6823
6.83, 42.0525, -35.7299, -87.2883
6.84, 41.6865, -36.6028, -86.8731
6.85, 41.3118, -37.4715, -86.4368
6.86, 40.9284, -38.3359, -85.9793
6.87, 40.5365, -39.1957, -85.5008
6.88, 40.136, -40.0507, -85.0011
6.89, 39.727, -40.9007, -84.4804
6.9, 39.3095, -41.7455, -83.9386
6.91, 38.8837, -42.5849, -83.3757
6.92, 38.4495, -43.4187, -82.7918
6.93, 38.007, -44.2466, -82.187
6.94, 37.5563, -45.0684, -81.5611
6.95, 37.0975, -45.8841, -80.9144
6.96, 36.6306, -46.6932, -80.2469
6.97, 36.1556, -47.4957, -79.5585
6.98, 35.6727, -48.2913, -78.8494
6.99, 35.1819, -49.0797, -78.1197
7, 34.6833, -49.8609, -77.3693
7.01, 34.1769, -50.6346, -76.5983
7.02, 33.6629, -51.4006, -75.807
7.03, 33.1413, -52.1587, -74.9952
7.04, 32.6123, -52.9086, -74.1631
7.05, 32.0757, -53.6503, -73.3109
7.06, 31.5319, -54.3834, -72.4386
7.07, 30.9808, -55.1078, -71.5462
7.08, 30.4226, -55.8232, -70.634
7.09, 29.8573, -56.5296, -69.7019
7.1, 29.285, -57.2266, -68.7503
7.11, 28.7059, -57.9141, -67.779
7.12, 28.12, -58.5919, -66.7884
7.13, 27.5274, -59.2598, -65.7785
7.14, 26.9282, -59.9176, -64.7494
7.15, 26.3226, -60.565, -63.7013
7.16, 25.7105, -61.2021, -62.6344
7.17, 25.0923, -61.8284, -61.5488
7.18, 24.4678, -62.4439, -60.4446
7.19, 23.8373, -63.0483, -59.322
7.2, 23.2009, -63.6416, -58.1811
7.21, 22.5587, -64.2234, -57.0223
7.22, 21.9107, -64.7936, -55.8455
7.23, 21.2572, -65.352, -54.651
7.24, 20.5982, -65.8986, -53.439
7.25, 19.9339, -66.4329, -52.2097
7.26, 19.2644, -66.955, -50.9633
7.27, 18.5897, -67.4647, -49.6999
7.28, 17.9101, -67.9617, -48.4197
7.29, 17.2256, -68.4459, -47.1231
7.3, 16.5365, -68.9171, -45.8101
7.31, 15.8427, -69.3752, -44.481
7.32, 15.1445, -69.82, -43.1361
7.33, 14.442, -70.2514, -41.7755
7.34, 13.7353, -70.6691, -40.3994
7.35, 13.0246, -71.0731, -39.0082
7.36, 12.3099, -71.4632, -37.602
7.37, 11.5916, -71.8392, -36.1812
7.38, 10.8695, -72.201, -34.7459
7.39, 10.1441, -72.5485, -33.2963
7.4, 9.41525, -72.8815, -31.8328
7.41, 8.68325, -73.1998, -30.3557
7.42, 7.94821, -73.5033, -28.8651
7.43, 7.21029, -73.792, -27.3614
7.44, 6.46964, -74.0656, -25.8447
7.45, 5.7264, -74.3241, -24.3155
7.46, 4.98073, -74.5672, -22.774
7.47, 4.23278, -74.795, -21.2204
7.48, 3.48271, -75.0072, -19.6551
7.49, 2.73067, -75.2037, -18.0783
7.5, 1.97682, -75.3845, -16.4904
7.51, 1.22133, -75.5494, -14.8916
7.52, 0.464346, -75.6983, -13.2823
7.53, -0.293965, -75.8311, -11.6628
7.54, -1.05344, -75.9478, -10.0333
7.55, -1.81392, -76.0481, -8.39417
7.56, -2.57524, -76.132, -6.74577
7.57, -3.33724, -76.1995, -5.08841
7.58, -4.09974, -76.2504, -3.42241
7.59, -4.86259, -76.2846, -1.74809
7.6, -5.62561, -76.3021, -0.0657905
7.61, -6.38864, -76.3027, 1.62415
7.62, -7.1515, -76.2865, 3.3214
7.63, -7.91403, -76.2533, 5.0256
7.64, -8.67607, -76.203, 6.73642
7.65, -9.43742, -76.1357, 8.45351
7.66, -10.1979, -76.0511, 10.1765
7.67, -10.9574, -75.9494, 11.9051
7.68, -11.7157, -75.8303, 13.6388
7.69, -12.4727, -75.6939, 15.3774
7.7, -13.2281, -75.5402, 17.1205
7.71, -13.9818, -75.3689, 18.8677
7.72, -14.7336, -75.1803, 20.6187
7.73, -15.4833, -74.9741, 22.373
7.74, -16.2308, -74.7504, 24.1303
7.75, -16.9759, -74.509, 25.8902
7.76, -17.7184, -74.2501, 27.6524
7.77, -18.4581, -73.9736, 29.4165
7.78, -19.1949, -73.6795, 31.182
7.79, -19.9286, -73.3676, 32.9487
7.8, -20.659, -73.0382, 34.716
7.81, -21.3859, -72.691, 36.4837
7.82, -22.1092, -72.3262, 38.2513
7.83, -22.8286, -71.9436, 40.0185
7.84, -23.544, -71.5435, 41.7848
7.85, -24.2553, -71.1256, 43.5498
7.86, -24.9622, -70.6901, 45.3133
7.87, -25.6646, -70.237, 47.0746
7.88, -26.3622, -69.7662, 48.8336
7.89, -27.055, -69.2779, 50.5897
7.9, -27.7427, -68.772, 52.3426
7.91, -28.4252, -68.2486, 54.0918
7.92, -29.1023, -67.7077, 55.837
7.93, -29.7738, -67.1493, 57.5777
7.94, -30.4395, -66.5735, 59.3136
7.95, -31.0993, -65.9804, 61.0442
7.96, -31.753, -65.3699, 62.7691
7.97, -32.4004, -64.7422, 64.4879
7.98, -33.0414, -64.0974, 66.2003
7.99, -33.6758, -63.4354, 67.9058
8, -34.3033, -62.7563, 69.6039
8.01, -34.9239, -62.0603, 71.2944
8.02, -35.5374, -61.3473, 72.9767
8.03, -36.1436, -60.6176, 74.6505
8.04, -36.7423, -59.871, 76.3153
8.05, -37.3334, -59.1079, 77.9708
8.06, -37.9166, -58.3282, 79.6165
8.07, -38.492, -57.532, 81.2521
8.08, -39.0592, -56.7195, 82.8771
8.09, -39.6181, -55.8907, 84.4911
8.1, -40.1685, -55.0458, 86.0937
8.11, -40.7104, -54.1849, 87.6845
8.12, -41.2435, -53.308, 89.2631
8.13, -41.7676, -52.4154, 90.8291
8.14, -42.2827, -51.5071, 92.382
8.15, -42.7885, -50.5833, 93.9216
8.16, -43.285, -49.6441, 95.4473
8.17, -43.7719, -48.6896, 96.9588
8.18, -44.2491, -47.72, 98.4557
8.19, -44.7164, -46.7355, 99.9376
8.2, -45.1738, -45.7361, 101.404
8.21, -45.621, -44.722, 102.855
8.22, -46.0579, -43.6935, 104.289
8.23, -46.4844, -42.6506, 105.707
8.24, -46.9004, -41.5935, 107.108
8.25, -47.3056, -40.5225, 108.491
8.26, -47.7, -39.4375, 109.857
8.27, -48.0834, -38.339, 111.205
8.28, -48.4556, -37.2269, 112.534
8.29, -48.8166, -36.1016, 113.844
8.3, -49.1663, -34.9631, 115.135
8.31, -49.5044, -33.8118, 116.406
8.32, -49.8309, -32.6477, 117.657
8.33, -50.1456, -31.4712, 118.888
8.34, -50.4484, -30.2823, 120.099
8.35, -50.7392, -29.0813, 121.288
8.36, -51.0179, -27.8684, 122.455
8.37, -51.2843, -26.6439, 123.601
8.38, -51.5384, -25.4079, 124.724
8.39, -51.78, -24.1606, 125.825
8.4, -52.009, -22.9024, 126.903
8.41, -52.2254, -21.6333, 127.958
8.42, -52.4289, -20.3537, 128.99
8.43, -52.6196, -19.0638, 129.997
8.44, -52.7972, -17.7639, 130.98
8.45, -52.9617, -16.4541, 131.939
8.46, -53.1131, -15.1347, 132.873
8.47, -53.2511, -13.8059, 133.782
8.48, -53.3758, -12.4681, 134.665
8.49, -53.487, -11.1215, 135.522
8.5, -53.5847, -9.76626, 136.353
8.51, -53.6687, -8.40273, 137.158
8.52, -53.739, -7.03115, 137.936
8.53, -53.7956, -5.65179, 138.687
8.54, -53.8382, -4.26492, 139.411
8.55, -53.8669, -2.87081, 140.107
8.56, -53.8816, -1.46974, 140.775
8.57, -53.8822, -0.0619951, 141.415
8.58, -53.8687, 1.35216, 142.027
8.59, -53.841, 2.77242, 142.61
8.6, -53.799, 4.19852, 143.164
8.61, -53.7427, 5.63015, 143.688
8.62, -53.672, 7.06704, 144.184
8.63, -53.5869, 8.50888, 144.65
8.64, -53.4874, 9.95537, 145.085
8.65, -53.3733, 11.4062, 145.491
8.66, -53.2447, 12.8611, 145.866
8.67, -53.1015, 14.3198, 146.211
8.68, -52.9437, 15.7819, 146.525
8.69, -52.7712, 17.2471, 146.807
8.7, -52.5841, 18.7152, 147.059
8.71, -52.3822, 20.1858, 147.279
8.72, -52.1656, 21.6586, 147.467
8.73, -51.9343, 23.1333, 147.624
8.74, -51.6882, 24.6095, 147.749
8.75, -51.4273, 26.087, 147.841
8.76, -51.1517, 27.5654, 147.902
8.77, -50.8612, 29.0444, 147.929
8.78, -50.556, 30.5237, 147.924
8.79, -50.236, 32.003, 147.887
8.8, -49.9011, 33.4818, 147.816
8.81, -49.5515, 34.96, 147.712
8.82, -49.1872, 36.4371, 147.575
8.83, -48.808, 37.9129, 147.405
8.84, -48.4142, 39.3869, 147.202
8.85, -48.0056, 40.8589, 146.965
8.86, -47.5823, 42.3286, 146.694
8.87, -47.1443, 43.7955, 146.389
8.88, -46.6917, 45.2594, 146.051
8.89, -46.2245, 46.7199, 145.679
8.9, -45.7428, 48.1767, 145.273
8.91, -45.2465, 49.6295, 144.833
8.92, -44.7357, 51.0778, 144.359
8.93, -44.2105, 52.5214, 143.85
8.94, -43.6709, 53.9599, 143.308
8.95, -43.117, 55.3929, 142.731
8.96, -42.5488, 56.8203, 142.12
8.97, -41.9664, 58.2415, 141.475
8.98, -41.3698, 59.6562, 140.796
8.99, -40.7591, 61.0642, 140.082
9, -40.1345, 62.465, 139.334
9.01, -39.4959, 63.8583, 138.552
9.02, -38.8435, 65.2438, 137.735
9.03, -38.1773, 66.6212, 136.885
9.04, -37.4974, 67.99, 136
9.05, -36.8039, 69.35, 135.081
9.06, -36.0969, 70.7008, 134.128
9.07, -35.3764, 72.0421, 133.141
9.08, -34.6427, 73.3735, 132.12
9.09, -33.8958, 74.6947, 131.065
9.1, -33.1357, 76.0054, 129.976
9.11, -32.3626, 77.3051, 128.853
9.12, -31.5767, 78.5937, 127.697
9.13, -30.778, 79.8706, 126.508
9.14, -29.9666, 81.1357, 125.285
9.15, -29.1428, 82.3886, 124.028
9.16, -28.3065, 83.6288, 122.739
9.17, -27.4579, 84.8562, 121.416
9.18, -26.5972, 86.0704, 120.061
9.19, -25.7245, 87.271, 118.673
9.2, -24.8399, 88.4577, 117.252
9.21, -23.9436, 89.6302, 115.799
9.22, -23.0357, 90.7882, 114.313
9.23, -22.1164, 91.9314, 112.796
9.24, -21.1858, 93.0593, 111.247
9.25, -20.2441, 94.1718, 109.666
9.26, -19.2914, 95.2684, 108.053
9.27, -18.3279, 96.349, 106.409
9.28, -17.3538, 97.4131, 104.735
9.29, -16.3692, 98.4604, 103.029
9.3, -15.3743, 99.4907, 101.293
9.31, -14.3693, 100.504, 99.5267
9.32, -13.3543, 101.499, 97.7303
9.33, -12.3295, 102.476, 95.904
9.34, -11.2952, 103.435, 94.0483
9.35, -10.2514, 104.376, 92.1633
9.36, -9.19842, 105.297, 90.2493
9.37, -8.13642, 106.2, 88.3067
9.38, -7.06559, 107.083, 86.3357
9.39, -5.98613, 107.946, 84.3366
9.4, -4.89824, 108.79, 82.3098
9.41, -3.80211, 109.613, 80.2556
9.42, -2.69796, 110.415, 78.1742
9.43, -1.58598, 111.197, 76.0662
9.44, -0.466408, 111.958, 73.9317
9.45, 0.660562, 112.697, 71.7711
9.46, 1.79471, 113.415, 69.5849
9.47, 2.93582, 114.111, 67.3733
9.48, 4.08366, 114.784, 65.1368
9.49, 5.23802, 115.436, 62.8757
9.5, 6.39866, 116.064, 60.5904
9.51, 7.56536, 116.67, 58.2814
9.52, 8.73789, 117.253, 55.9489
9.53, 9.91602, 117.813, 53.5935
9.54, 11.0995, 118.349, 51.2155
9.55, 12.2881, 118.861, 48.8154
9.56, 13.4816, 119.349, 46.3936
9.57, 14.6797, 119.813, 43.9506
9.58, 15.8823, 120.252, 41.4867
9.59, 17.0889, 120.667, 39.0025
9.6, 18.2995, 121.057, 36.4983
9.61, 19.5137, 121.422, 33.9748
9.62, 20.7313, 121.762, 31.4322
9.63, 21.9521, 122.076, 28.8712
9.64, 23.1758, 122.365, 26.2921
9.65, 24.402, 122.628, 23.6955
9.66, 25.6307, 122.865, 21.0819
9.67, 26.8614, 123.076, 18.4518
9.68, 28.094, 123.26, 15.8057
9.69, 29.3282, 123.418, 13.144
9.7, 30.5637, 123.55, 10.4674
9.71, 31.8003, 123.654, 7.77629
9.72, 33.0376, 123.732, 5.07127
9.73, 34.2754, 123.783, 2.35286
9.74, 35.5135, 123.806, -0.378406
9.75, 36.7515, 123.803, -3.12197
9.76, 37.9892, 123.771, -5.87729
9.77, 39.2263, 123.713, -8.64381
9.78, 40.4626, 123.626, -11.421
9.79, 41.6977, 123.512, -14.2082
9.8, 42.9314, 123.37, -17.0049
9.81, 44.1634, 123.2, -19.8105
9.82, 45.3934, 123.002, -22.6245
9.83, 46.6212, 122.775, -25.4462
9.84, 47.8464, 122.521, -28.2751
9.85, 49.0688, 122.238, -31.1105
9.86, 50.2881, 121.927, -33.952
9.87, 51.5039, 121.588, -36.7988
9.88, 52.7161, 121.22, -39.6503
9.89, 53.9244, 120.823, -42.506
9.9, 55.1283, 120.398, -45.3653
9.91, 56.3278, 119.944, -48.2274
9.92, 57.5224, 119.462, -51.0919
9.93, 58.7119, 118.951, -53.958
9.94, 59.896, 118.412, -56.8252
9.95, 61.0745, 117.843, -59.6928
9.96, 62.2469, 117.246, -62.5602
9.97, 63.4131, 116.621, -65.4268
9.98, 64.5728, 115.967, -68.2919
9.99, 65.7256, 115.284, -71.1548
10, 66.8714, 114.572, -74.0149
10.01, 68.0097, 113.832, -76.8717
10.02, 69.1403, 113.063, -79.7243
10.03, 70.263, 112.266, -82.5723
10.04, 71.3774, 111.44, -85.4149
10.05, 72.4832, 110.586, -88.2514
10.06, 73.5803, 109.704, -91.0813
10.07, 74.6682, 108.793, -93.9038
10.08, 75.7467, 107.854, -96.7184
10.09, 76.8156, 106.887, -99.5243
10.1, 77.8745, 105.891, -102.321
10.11, 78.9232, 104.868, -105.107
10.12, 79.9614, 103.817, -107.883
10.13, 80.9888, 102.738, -110.648
10.14, 82.0051, 101.632, -113.401
10.15, 83.0101, 100.498, -116.141
10.16, 84.0034, 99.3364, -118.868
10.17, 84.9849, 98.1477, -121.58
10.18, 85.9542, 96.9319, -124.279
10.19, 86.9111, 95.6891, -126.961
10.2, 87.8553, 94.4195, -129.628
10.21, 88.7865, 93.1232, -132.279
10.22, 89.7045, 91.8004, -134.912
10.23, 90.6091, 90.4513, -137.527
10.24, 91.4998, 89.076, -140.123
10.25, 92.3766, 87.6748, -142.701
10.26, 93.239, 86.2478, -145.258
10.27, 94.087, 84.7952, -147.795
10.28, 94.9202, 83.3172, -150.31
10.29, 95.7383, 81.8141, -152.804
10.3, 96.5412, 80.2861, -155.275
10.31, 97.3285, 78.7334, -157.723
10.32, 98.1001, 77.1561, -160.147
10.33, 98.8556, 75.5546, -162.547
10.34, 99.5949, 73.9292, -164.921
10.35, 100.318, 72.28, -167.27
10.36, 101.024, 70.6073, -169.593
10.37, 101.713, 68.9113, -171.888
10.38, 102.385, 67.1925, -174.156
10.39, 103.039, 65.4509, -176.395
10.4, 103.676, 63.687, -178.606
10.41, 104.295, 61.9009, -180.786
10.42, 104.896, 60.093, -182.937
10.43, 105.479, 58.2637, -185.057
10.44, 106.043, 56.4131, -187.146
10.45, 106.588, 54.5416, -189.203
10.46, 107.115, 52.6496, -191.227
10.47, 107.622, 50.7373, -193.218
10.48, 108.11, 48.8052, -195.175
10.49, 108.579, 46.8534, -197.098
10.5, 109.028, 44.8824, -198.986
10.51, 109.457, 42.8926, -200.838
10.52, 109.865, 40.8842, -202.655
10.53, 110.254, 38.8576, -204.434
10.54, 110.622, 36.8133, -206.177
10.55, 110.97, 34.7515, -207.882
10.56, 111.296, 32.6727, -209.548
10.57, 111.602, 30.5772, -211.175
10.58, 111.887, 28.4655, -212.764
10.59, 112.15, 26.3378, -214.312
10.6, 112.392, 24.1947, -215.82
10.61, 112.612, 22.0365, -217.287
10.62, 112.811, 19.8637, -218.712
10.63, 112.988, 17.6765, -220.095
10.64, 113.143, 15.4756, -221.436
10.65, 113.275, 13.2612, -222.734
10.66, 113.386, 11.0339, -223.989
10.67, 113.473, 8.79399, -225.199
10.68, 113.539, 6.54199, -226.366
10.69, 113.582, 4.27834, -227.487
10.7, 113.602, 2.00347, -228.563
10.71, 113.599, -0.282165, -229.593
10.72, 113.573, -2.5781, -230.578
10.73, 113.524, -4.88388, -231.515
10.74, 113.452, -7.19903, -232.406
10.75, 113.357, -9.52309, -233.249
10.76, 113.238, -11.8556, -234.044
10.77, 113.097, -14.196, -234.791
10.78, 112.931, -16.5439, -235.49
10.79, 112.742, -18.8988, -236.139
10.8, 112.53, -21.2602, -236.739
10.81, 112.293, -23.6276, -237.29
10.82, 112.033, -26.0005, -237.79
10.83, 111.749, -28.3784, -238.24
10.84, 111.442, -30.7608, -238.639
10.85, 111.11, -33.1472, -238.987
10.86, 110.755, -35.5371, -239.284
10.87, 110.376, -37.9299, -239.529
10.88, 109.972, -40.3252, -239.722
10.89, 109.545, -42.7224, -239.863
10.9, 109.094, -45.121, -239.952
10.91, 108.619, -47.5206, -239.988
10.92, 108.12, -49.9204, -239.97
10.93, 107.596, -52.3201, -239.9
10.94, 107.049, -54.7191, -239.776
10.95, 106.478, -57.1169, -239.599
10.96, 105.883, -59.5129, -239.367
10.97, 105.264, -61.9066, -239.082
10.98, 104.621, -64.2974, -238.742
10.99, 103.954, -66.6848, -238.348
11, 103.263, -69.0683, -237.899
11.01, 102.549, -71.4473, -237.396
11.02, 101.811, -73.8212, -236.837
11.03, 101.049, -76.1896, -236.224
11.04, 100.263, -78.5518, -235.556
11.05, 99.4542, -80.9074, -234.832
11.06, 98.6216, -83.2557, -234.053
11.07, 97.7656, -85.5962, -233.219
11.08, 96.8864, -87.9284, -232.329
11.09, 95.9838, -90.2517, -231.384
11.1, 95.0582, -92.5656, -230.383
11.11, 94.1095, -94.8694, -229.327
11.12, 93.1379, -97.1627, -228.215
11.13, 92.1434, -99.4448, -227.047
11.14, 91.1263, -101.715, -225.824
11.15, 90.0865, -103.974, -224.546
11.16, 89.0243, -106.219, -223.212
11.17, 87.9398, -108.451, -221.822
11.18, 86.8331, -110.669, -220.377
11.19, 85.7044, -112.873, -218.877
11.2, 84.5538, -115.062, -217.321
11.21, 83.3814, -117.235, -215.71
11.22, 82.1875, -119.392, -214.044
11.23, 80.9722, -121.533, -212.323
11.24, 79.7356, -123.656, -210.547
11.25, 78.478, -125.761, -208.717
11.26, 77.1995, -127.848, -206.832
11.27, 75.9004, -129.917, -204.893
11.28, 74.5807, -131.966, -202.899
11.29, 73.2408, -133.995, -200.852
11.3, 71.8807, -136.003, -198.75
11.31, 70.5008, -137.991, -196.596
11.32, 69.1012, -139.957, -194.387
11.33, 67.6822, -141.901, -192.126
11.34, 66.244, -143.822, -189.812
11.35, 64.7868, -145.72, -187.446
11.36, 63.3109, -147.594, -185.027
11.37, 61.8164, -149.445, -182.556
11.38, 60.3037, -151.27, -180.034
11.39, 58.773, -153.071, -177.46
11.4, 57.2246, -154.845, -174.835
11.41, 55.6586, -156.594, -172.16
11.42, 54.0755, -158.315, -169.435
11.43, 52.4754, -160.009, -166.659
11.44, 50.8586, -161.676, -163.834
11.45, 49.2255, -163.314, -160.96
11.46, 47.5762, -164.924, -158.038
11.47, 45.9112, -166.504, -155.067
11.48, 44.2307, -168.055, -152.048
11.49, 42.5349, -169.576, -148.982
11.5, 40.8242, -171.065, -145.869
11.51, 39.099, -172.524, -142.709
11.52, 37.3595, -173.951, -139.504
11.53, 35.606, -175.346, -136.253
11.54, 33.8389, -176.709, -132.957
11.55, 32.0586, -178.038, -129.617
11.56, 30.2652, -179.334, -126.233
11.57, 28.4592, -180.597, -122.805
11.58, 26.641, -181.825, -119.335
11.59, 24.8108, -183.018, -115.823
11.6, 22.9691, -184.176, -112.269
11.61, 21.1161, -185.299, -108.674
11.62, 19.2522, -186.386, -105.039
11.63, 17.3778, -187.436, -101.364
11.64, 15.4933, -188.45, -97.6502
11.65, 13.5991, -189.426, -93.8977
11.66, 11.6954, -190.365, -90.1073
11.67, 9.78276, -191.266, -86.2798
11.68, 7.86147, -192.129, -82.4158
11.69, 5.93194, -192.953, -78.5161
11.7, 3.99455, -193.739, -74.5813
11.71, 2.04971, -194.484, -70.6121
11.72, 0.097803, -195.19, -66.6093
11.73, -1.86076, -195.857, -62.5735
11.74, -3.82559, -196.482, -58.5056
11.75, -5.79626, -197.067, -54.4063
11.76, -7.77237, -197.611, -50.2764
11.77, -9.75352, -198.114, -46.1165
11.78, -11.7393, -198.575, -41.9276
11.79, -13.7292, -198.995, -37.7104
11.8, -15.7229, -199.372, -33.4658
11.81, -17.72, -199.706, -29.1945
11.82, -19.72, -199.998, -24.8973
11.83, -21.7225, -200.247, -20.5751
11.84, -23.727, -200.453, -16.2288
11.85, -25.7331, -200.615, -11.8592
11.86, -27.7405, -200.734, -7.46707
11.87, -29.7486, -200.809, -3.05341
11.88, -31.757, -200.839, 1.38094
11.89, -33.7652, -200.825, 5.8351
11.9, -35.7729, -200.767, 10.3082
11.91, -37.7795, -200.664, 14.7992
11.92, -39.7847, -200.516, 19.3074
11.93, -41.7879, -200.323, 23.8317
11.94, -43.7887, -200.085, 28.3713
11.95, -45.7868, -199.801, 32.9252
11.96, -47.7815, -199.472, 37.4924
11.97, -49.7724, -199.097, 42.0721
11.98, -51.7592, -198.676, 46.6632
11.99, -53.7413, -198.209, 51.2648
12, -55.7183, -197.697, 55.8759
12.01, -57.6896, -197.138, 60.4956
12.02, -59.655, -196.533, 65.1228
12.03, -61.6138, -195.882, 69.7566
12.04, -63.5656, -195.184, 74.3959
12.05, -65.51, -194.44, 79.0398
12.06, -67.4465, -193.65, 83.6873
12.07, -69.3746, -192.813, 88.3373
12.08, -71.2939, -191.93, 92.9888
12.09, -73.2039, -191, 97.6408
12.1, -75.1042, -190.023, 102.292
12.11, -76.9942, -189, 106.942
12.12, -78.8735, -187.931, 111.59
12.13, -80.7416, -186.815, 116.233
12.14, -82.5982, -185.653, 120.872
12.15, -84.4426, -184.444, 125.506
12.16, -86.2745, -183.189, 130.132
12.17, -88.0934, -181.888, 134.751
12.18, -89.8988, -180.54, 139.361
12.19, -91.6902, -179.146, 143.961
12.2, -93.4673, -177.707, 148.549
12.21, -95.2295, -176.221, 153.126
12.22, -96.9764, -174.69, 157.69
12.23, -98.7075, -173.113, 162.239
12.24, -100.422, -171.491, 166.773
12.25, -102.121, -169.823, 171.291
12.26, -103.802, -168.11, 175.791
12.27, -105.465, -166.352, 180.273
12.28, -107.111, -164.55, 184.735
12.29, -108.738, -162.702, 189.176
12.3, -110.346, -160.81, 193.596
12.31, -111.935, -158.874, 197.993
12.32, -113.504, -156.895, 202.366
12.33, -115.052, -154.871, 206.713
12.34, -116.58, -152.804, 211.035
12.35, -118.087, -150.693, 215.33
12.36, -119.573, -148.54, 219.597
12.37, -121.036, -146.344, 223.834
12.38, -122.477, -144.106, 228.041
12.39, -123.895, -141.825, 232.216
12.4, -125.29, -139.503, 236.359
12.41, -126.662, -137.14, 240.469
12.42, -128.009, -134.735, 244.543
12.43, -129.332, -132.289, 248.582
12.44, -130.63, -129.804, 252.585
12.45, -131.903, -127.278, 256.549
12.46, -133.15, -124.712, 260.475
12.47, -134.371, -122.108, 264.361
12.48, -135.566, -119.464, 268.206
12.49, -136.734, -116.782, 272.009
12.5, -137.874, -114.062, 275.769
12.51, -138.987, -111.304, 279.485
12.52, -140.072, -108.509, 283.156
12.53, -141.129, -105.678, 286.781
12.54, -142.157, -102.81, 290.358
12.55, -143.156, -99.9063, 293.888
12.56, -144.126, -96.9674, 297.369
12.57, -145.066, -93.9937, 300.799
12.58, -145.976, -90.9858, 304.179
12.59, -146.855, -87.944, 307.506
12.6, -147.704, -84.8689, 310.781
12.61, -148.521, -81.7611, 314.001
12.62, -149.308, -78.6211, 317.167
12.63, -150.062, -75.4494, 320.276
12.64, -150.785, -72.2467, 323.329
12.65, -151.475, -69.0134, 326.324
12.66, -152.132, -65.7501, 329.26
12.67, -152.757, -62.4575, 332.137
12.68, -153.348, -59.1362, 334.953
12.69, -153.906, -55.7866, 337.708
12.7, -154.43, -52.4096, 340.4
12.71, -154.92, -49.0055, 343.03
12.72, -155.376, -45.5753, 345.595
12.73, -155.797, -42.1193, 348.095
12.74, -156.184, -38.6383, 350.53
12.75, -156.535, -35.133, 352.898
12.76, -156.851, -31.6041, 355.199
12.77, -157.131, -28.0521, 357.431
12.78, -157.376, -24.4778, 359.594
12.79, -157.585, -20.8818, 361.688
12.8, -157.758, -17.265, 363.711
12.81, -157.894, -13.6278, 365.662
12.82, -157.994, -9.97122, 367.541
12.83, -158.057, -6.29581, 369.348
12.84, -158.083, -2.60233, 371.081
12.85, -158.072, 1.10848, 372.739
12.86, -158.023, 4.83587, 374.323
12.87, -157.937, 8.5791, 375.831
12.88, -157.814, 12.3374, 377.262
12.89, -157.653, 16.11, 378.616
12.9, -157.454, 19.8962, 379.893
12.91, -157.217, 23.6951, 381.091
12.92, -156.942, 27.506, 382.211
12.93, -156.629, 31.3281, 383.25
12.94, -156.277, 35.1606, 384.21
12.95, -155.887, 39.0027, 385.089
12.96, -155.459, 42.8536, 385.886
12.97, -154.991, 46.7125, 386.602
12.98, -154.486, 50.5785, 387.235
12.99, -153.941, 54.4509, 387.786
13, -153.358, 58.3287, 388.253
13.01, -152.736, 62.2112, 388.636
13.02, -152.075, 66.0976, 388.934
13.03, -151.375, 69.9869, 389.149
13.04, -150.636, 73.8784, 389.277
13.05, -149.858, 77.7712, 389.32
13.06, -149.042, 81.6644, 389.278
13.07, -148.186, 85.5572, 389.148
13.08, -147.292, 89.4487, 388.932
13.09, -146.358, 93.338, 388.629
13.1, -145.386, 97.2243, 388.238
13.11, -144.375, 101.107, 387.76
13.12, -143.325, 104.984, 387.194
13.13, -142.237, 108.856, 386.539
13.14, -141.109, 112.722, 385.796
13.15, -139.944, 116.58, 384.963
13.16, -138.739, 120.429, 384.042
13.17, -137.497, 124.27, 383.032
13.18, -136.216, 128.1, 381.932
13.19, -134.896, 131.919, 380.742
13.2, -133.539, 135.727, 379.463
13.21, -132.144, 139.521, 378.094
13.22, -130.711, 143.302, 376.635
13.23, -129.24, 147.069, 375.086
13.24, -127.732, 150.819, 373.447
13.25, -126.186, 154.554, 371.718
13.26, -124.604, 158.271, 369.899
13.27, -122.984, 161.97, 367.989
13.28, -121.328, 165.65, 365.99
13.29, -119.634, 169.31, 363.9
13.3, -117.905, 172.949, 361.72
13.31, -116.139, 176.566, 359.45
13.32, -114.338, 180.161, 357.09
13.33, -112.5, 183.731, 354.64
13.34, -110.628, 187.278, 352.101
13.35, -108.72, 190.799, 349.472
13.36, -106.777, 194.294, 346.754
13.37, -104.799, 197.761, 343.947
13.38, -102.787, 201.201, 341.051
13.39, -100.741, 204.611, 338.066
13.4, -98.6611, 207.992, 334.993
13.41, -96.5476, 211.342, 331.831
13.42, -94.401, 214.66, 328.582
13.43, -92.2216, 217.946, 325.246
13.44, -90.0096, 221.198, 321.822
13.45, -87.7654, 224.417, 318.311
13.46, -85.4894, 227.6, 314.714
13.47, -83.182, 230.747, 311.031
13.48, -80.8434, 233.857, 307.262
13.49, -78.4741, 236.93, 303.408
13.5, -76.0745, 239.964, 299.47
13.51, -73.6449, 242.958, 295.447
13.52, -71.1857, 245.913, 291.341
13.53, -68.6975, 248.826, 287.151
13.54, -66.1805, 251.698, 282.879
13.55, -63.6352, 254.527, 278.525
13.56, -61.0621, 257.312, 274.089
13.57, -58.4616, 260.053, 269.573
13.58, -55.8341, 262.749, 264.976
13.59, -53.1801, 265.398, 260.3
13.6, -50.5001, 268.001, 255.545
13.61, -47.7945, 270.557, 250.712
13.62, -45.0639, 273.064, 245.801
13.63, -42.3087, 275.522, 240.814
13.64, -39.5294, 277.93, 235.75
13.65, -36.7265, 280.287, 230.612
13.66, -33.9006, 282.594, 225.399
13.67, -31.0521, 284.848, 220.113
13.68, -28.1816, 287.049, 214.753
13.69, -25.2896, 289.196, 209.322
13.7, -22.3767, 291.289, 203.82
13.71, -19.4435, 293.328, 198.248
13.72, -16.4904, 295.31, 192.607
13.73, -13.518, 297.236, 186.897
13.74, -10.527, 299.105, 181.12
13.75, -7.51779, 300.916, 175.277
13.76, -4.4911, 302.669, 169.369
13.77, -1.44747, 304.363, 163.396
13.78, 1.6125, 305.997, 157.36
13.79, 4.6882, 307.57, 151.262
13.8, 7.77903, 309.083, 145.102
13.81, 10.8844, 310.534, 138.883
13.82, 14.0036, 311.923, 132.604
13.83, 17.1361, 313.249, 126.268
13.84, 20.2812, 314.512, 119.875
13.85, 23.4383, 315.71, 113.426
13.86, 26.6068, 316.845, 106.923
13.87, 29.7859, 317.914, 100.367
13.88, 32.9751, 318.918, 93.7591
13.89, 36.1736, 319.855, 87.1003
13.9, 39.3809, 320.726, 80.3919
13.91, 42.5962, 321.53, 73.6354
13.92, 45.8188, 322.266, 66.8318
13.93, 49.0482, 322.935, 59.9827
13.94, 52.2835, 323.535, 53.0891
13.95, 55.5242, 324.065, 46.1526
13.96, 58.7695, 324.527, 39.1744
13.97, 62.0187, 324.919, 32.1558
13.98, 65.2711, 325.24, 25.0983
13.99, 68.526, 325.491, 18.0032
14, 71.7827, 325.671, 10.8719
14.01, 75.0405, 325.78, 3.70593
14.02, 78.2987, 325.817, -3.49339
14.03, 81.5565, 325.782, -10.7246
14.04, 84.8132, 325.675, -17.9862
14.05, 88.0682, 325.495, -25.2768
14.06, 91.3206, 325.242, -32.5949
14.07, 94.5698, 324.916, -39.9389
14.08, 97.8149, 324.517, -47.3074
14.09, 101.055, 324.044, -54.6988
14.1, 104.29, 323.497, -62.1116
14.11, 107.519, 322.876, -69.5444
14.12, 110.741, 322.18, -76.9954
14.13, 113.955, 321.41, -84.4631
14.14, 117.161, 320.566, -91.946
14.15, 120.357, 319.646, -99.4425
14.16, 123.544, 318.652, -106.951
14.17, 126.719, 317.582, -114.47
14.18, 129.884, 316.438, -121.997
14.19, 133.036, 315.218, -129.532
14.2, 136.175, 313.922, -137.072
14.21, 139.301, 312.552, -144.616
14.22, 142.412, 311.105, -152.163
14.23, 145.508, 309.584, -159.709
14.24, 148.588, 307.987, -167.255
14.25, 151.651, 306.314, -174.798
14.26, 154.696, 304.566, -182.336
14.27, 157.724, 302.743, -189.868
14.28, 160.732, 300.844, -197.392
14.29, 163.721, 298.87, -204.907
14.3, 166.689, 296.821, -212.41
14.31, 169.636, 294.697, -219.901
14.32, 172.561, 292.498, -227.376
14.33, 175.463, 290.224, -234.835
14.34, 178.342, 287.876, -242.276
14.35, 181.197, 285.453, -249.697
14.36, 184.026, 282.956, -257.097
14.37, 186.83, 280.385, -264.473
14.38, 189.607, 277.741, -271.824
14.39, 192.358, 275.022, -279.148
14.4, 195.08, 272.231, -286.443
14.41, 197.774, 269.366, -293.708
14.42, 200.438, 266.429, -300.941
14.43, 203.072, 263.42, -308.14
14.44, 205.675, 260.338, -315.304
14.45, 208.247, 257.185, -322.43
14.46, 210.787, 253.961, -329.517
14.47, 213.294, 250.666, -336.563
14.48, 215.767, 247.3, -343.567
14.49, 218.205, 243.865, -350.526
14.5, 220.609, 240.359, -357.439
14.51, 222.977, 236.785, -364.305
14.52, 225.308, 233.142, -371.121
14.53, 227.602, 229.431, -377.885
14.54, 229.859, 225.652, -384.597
14.55, 232.077, 221.806, -391.254
14.56, 234.256, 217.893, -397.854
14.57, 236.395, 213.915, -404.397
14.58, 238.494, 209.871, -410.879
14.59, 240.551, 205.762, -417.3
14.6, 242.567, 201.589, -423.657
14.61, 244.541, 197.353, -429.95
14.62, 246.471, 193.053, -436.175
14.63, 248.358, 188.691, -442.333
14.64, 250.201, 184.268, -448.42
14.65, 251.999, 179.784, -454.436
14.66, 253.751, 175.239, -460.378
14.67, 255.458, 170.636, -466.245
14.68, 257.117, 165.973, -472.036
14.69, 258.73, 161.253, -477.748
14.7, 260.295, 156.475, -483.381
14.71, 261.811, 151.641, -488.932
14.72, 263.278, 146.752, -494.4
14.73, 264.697, 141.808, -499.783
14.74, 266.065, 136.81, -505.08
14.75, 267.382, 131.76, -510.289
14.76, 268.649, 126.657, -515.408
14.77, 269.864, 121.503, -520.437
14.78, 271.027, 116.298, -525.373
14.79, 272.137, 111.044, -530.216
14.8, 273.195, 105.742, -534.962
14.81, 274.199, 100.393, -539.612
14.82, 275.149, 94.9966, -544.164
14.83, 276.044, 89.5549, -548.615
14.84, 276.885, 84.0688, -552.965
14.85, 277.67, 78.5391, -557.213
14.86, 278.4, 72.967, -561.356
14.87, 279.073, 67.3534, -565.394
14.88, 279.69, 61.6995, -569.325
14.89, 280.25, 56.0063, -573.147
14.9, 280.753, 50.2748, -576.86
14.91, 281.198, 44.5062, -580.463
14.92, 281.585, 38.7015, -583.952
14.93, 281.914, 32.862, -587.329
14.94, 282.184, 26.9887, -590.59
14.95, 282.395, 21.0828, -593.736
14.96, 282.546, 15.1455, -596.764
14.97, 282.638, 9.17782, -599.674
14.98, 282.67, 3.18108, -602.465
14.99, 282.641, -2.84357, -605.134
15, 282.552, -8.89491, -607.682
15.01, 282.403, -14.9717, -610.106
15.02, 282.192, -21.0728, -612.407
15.03, 281.92, -27.1969, -614.582
15.04, 281.586, -33.3427, -616.631
15.05, 281.191, -39.509, -618.553
15.06, 280.734, -45.6945, -620.346
15.07, 280.215, -51.898, -622.011
15.08, 279.634, -58.1181, -623.545
15.09, 278.991, -64.3535, -624.947
15.1, 278.285, -70.603, -626.218
15.11, 277.516, -76.8652, -627.356
15.12, 276.685, -83.1388, -628.36
15.13, 275.79, -89.4224, -629.23
15.14, 274.833, -95.7147, -629.964
15.15, 273.813, -102.014, -630.561
15.16, 272.73, -108.32, -631.022
15.17, 271.584, -114.63, -631.346
15.18, 270.374, -120.944, -631.53
15.19, 269.102, -127.259, -631.576
15.2, 267.766, -133.575, -631.482
15.21, 266.367, -139.889, -631.248
15.22, 264.905, -146.202, -630.873
15.23, 263.38, -152.511, -630.357
15.24, 261.792, -158.814, -629.699
15.25, 260.141, -165.111, -628.898
15.26, 258.427, -171.4, -627.954
15.27, 256.65, -177.68, -626.867
15.28, 254.81, -183.948, -625.636
15.29, 252.908, -190.205, -624.261
15.3, 250.944, -196.447, -622.742
15.31, 248.917, -202.675, -621.077
15.32, 246.828, -208.886, -619.268
15.33, 244.677, -215.078, -617.313
15.34, 242.465, -221.251, -615.213
15.35, 240.191, -227.404, -612.966
15.36, 237.856, -233.533, -610.574
15.37, 235.459, -239.639, -608.036
15.38, 233.002, -245.719, -605.352
15.39, 230.484, -251.773, -602.521
15.4, 227.906, -257.798, -599.544
15.41, 225.268, -263.793, -596.421
15.42, 222.571, -269.758, -593.152
15.43, 219.814, -275.689, -589.736
15.44, 216.998, -281.587, -586.174
15.45, 214.123, -287.448, -582.467
15.46, 211.191, -293.273, -578.613
15.47, 208.2, -299.059, -574.614
15.48, 205.152, -304.805, -570.469
15.49, 202.047, -310.51, -566.179
15.5, 198.885, -316.172, -561.745
15.51, 195.667, -321.789, -557.166
15.52, 192.394, -327.361, -552.442
15.53, 189.065, -332.885, -547.575
15.54, 185.681, -338.361, -542.565
15.55, 182.243, -343.787, -537.412
15.56, 178.752, -349.161, -532.116
15.57, 175.207, -354.482, -526.678
15.58, 171.61, -359.749, -521.1
15.59, 167.96, -364.96, -515.38
15.6, 164.259, -370.114, -509.52
15.61, 160.507, -375.209, -503.521
15.62, 156.704, -380.244, -497.383
15.63, 152.852, -385.218, -491.108
15.64, 148.951, -390.129, -484.694
15.65, 145.001, -394.976, -478.145
15.66, 141.003, -399.757, -471.46
15.67, 136.959, -404.472, -464.64
15.68, 132.868, -409.118, -457.686
15.69, 128.731, -413.695, -450.6
15.7, 124.549, -418.201, -443.381
15.71, 120.322, -422.635, -436.032
15.72, 116.052, -426.995, -428.552
15.73, 111.74, -431.281, -420.944
15.74, 107.385, -435.49, -413.208
15.75, 102.988, -439.622, -405.346
15.76, 98.5516, -443.676, -397.358
15.77, 94.0752, -447.649, -389.245
15.78, 89.5597, -451.542, -381.01
15.79, 85.0062, -455.352, -372.653
15.8, 80.4154, -459.078, -364.176
15.81, 75.7882, -462.72, -355.579
15.82, 71.1255, -466.276, -346.865
15.83, 66.428, -469.745, -338.034
15.84, 61.6968, -473.125, -329.089
15.85, 56.9326, -476.416, -320.03
15.86, 52.1365, -479.616, -310.859
15.87, 47.3092, -482.725, -301.577
15.88, 42.4518, -485.74, -292.187
15.89, 37.5652, -488.662, -282.69
15.9, 32.6503, -491.489, -273.086
15.91, 27.7081, -494.22, -263.379
15.92, 22.7396, -496.854, -253.569
15.93, 17.7457, -499.39, -243.659
15.94, 12.7274, -501.826, -233.65
15.95, 7.68577, -504.163, -223.543
15.96, 2.62178, -506.398, -213.342
15.97, -2.46353, -508.532, -203.046
15.98, -7.56915, -510.562, -192.659
15.99, -12.694, -512.489, -182.183
16, -17.8371, -514.31, -171.618
16.01, -22.9974, -516.027, -160.968
16.02, -28.1738, -517.636, -150.233
16.03, -33.3652, -519.139, -139.417
16.04, -38.5705, -520.533, -128.52
16.05, -43.7887, -521.818, -117.546
16.06, -49.0186, -522.993, -106.496
16.07, -54.2592, -524.058, -95.3723
16.08, -59.5093, -525.012, -84.1769
16.09, -64.7678, -525.854, -72.9122
16.1, -70.0337, -526.583, -61.5802
16.11, -75.3057, -527.199, -50.1831
16.12, -80.5827, -527.701, -38.7233
16.13, -85.8635, -528.088, -27.2029
16.14, -91.1471, -528.36, -15.6242
16.15, -96.4323, -528.516, -3.98959
16.16, -101.718, -528.556, 7.69871
16.17, -107.003, -528.479, 19.4383
16.18, -112.286, -528.285, 31.2269
16.19, -117.565, -527.972, 43.062
16.2, -122.841, -527.542, 54.9412
16.21, -128.111, -526.992, 66.8622
16.22, -133.374, -526.324, 78.8224
16.23, -138.629, -525.536, 90.8194
16.24, -143.875, -524.627, 102.851
16.25, -149.111, -523.599, 114.914
16.26, -154.336, -522.45, 127.006
16.27, -159.548, -521.18, 139.125
16.28, -164.746, -519.788, 151.268
16.29, -169.928, -518.276, 163.433
16.3, -175.095, -516.641, 175.617
16.31, -180.244, -514.885, 187.817
16.32, -185.374, -513.007, 200.031
16.33, -190.484, -511.007, 212.256
16.34, -195.573, -508.884, 224.489
16.35, -200.639, -506.639, 236.729
16.36, -205.682, -504.272, 248.971
16.37, -210.7, -501.782, 261.213
16.38, -215.691, -499.17, 273.454
16.39, -220.656, -496.436, 285.689
16.4, -225.591, -493.579, 297.917
16.41, -230.497, -490.6, 310.133
16.42, -235.372, -487.498, 322.337
16.43, -240.215, -484.275, 334.525
16.44, -245.024, -480.93, 346.694
16.45, -249.799, -477.463, 358.841
16.46, -254.538, -473.874, 370.964
16.47, -259.239, -470.165, 383.059
16.48, -263.903, -466.334, 395.125
16.49, -268.527, -462.383, 407.158
16.5, -273.11, -458.311, 419.155
16.51, -277.651, -454.12, 431.114
16.52, -282.149, -449.808, 443.032
16.53, -286.603, -445.378, 454.906
16.54, -291.011, -440.829, 466.732
16.55, -295.373, -436.162, 478.509
16.56, -299.686, -431.377, 490.234
16.57, -303.951, -426.474, 501.903
16.58, -308.166, -421.455, 513.513
16.59, -312.329, -416.32, 525.063
16.6, -316.44, -411.07, 536.549
16.61, -320.497, -405.704, 547.968
16.62, -324.499, -400.224, 559.317
16.63, -328.445, -394.631, 570.594
16.64, -332.334, -388.925, 581.796
16.65, -336.166, -383.107, 592.92
16.66, -339.937, -377.178, 603.963
16.67, -343.649, -371.138, 614.922
16.68, -347.299, -364.989, 625.795
16.69, -350.886, -358.731, 636.579
16.7, -354.41, -352.366, 647.27
16.71, -357.868, -345.893, 657.866
16.72, -361.262, -339.314, 668.365
16.73, -364.588, -332.63, 678.764
16.74, -367.846, -325.843, 689.059
16.75, -371.036, -318.952, 699.249
16.76, -374.155, -311.96, 709.329
16.77, -377.204, -304.866, 719.299
16.78, -380.181, -297.673, 729.154
16.79, -383.085, -290.382, 738.892
16.8, -385.915, -282.993, 748.511
16.81, -388.67, -275.508, 758.008
16.82, -391.349, -267.928, 767.38
16.83, -393.952, -260.254, 776.625
16.84, -396.476, -252.488, 785.74
16.85, -398.923, -244.63, 794.721
16.86, -401.29, -236.683, 803.568
16.87, -403.576, -228.647, 812.277
16.88, -405.781, -220.525, 820.845
16.89, -407.904, -212.316, 829.27
16.9, -409.945, -204.024, 837.55
16.91, -411.901, -195.648, 845.682
16.92, -413.773, -187.191, 853.664
16.93, -415.56, -178.655, 861.492
16.94, -417.26, -170.04, 869.166
16.95, -418.873, -161.348, 876.682
16.96, -420.399, -152.581, 884.037
16.97, -421.837, -143.741, 891.23
16.98, -423.185, -134.829, 898.259
16.99, -424.443, -125.846, 905.12
17, -425.611, -116.795, 911.812
17.01, -426.688, -107.677, 918.333
17.02, -427.673, -98.4933, 924.679
17.03, -428.566, -89.2465, 930.85
17.04, -429.365, -79.938, 936.842
17.05, -430.071, -70.5696, 942.654
17.06, -430.682, -61.1431, 948.284
17.07, -431.199, -51.6602, 953.729
17.08, -431.62, -42.1229, 958.988
17.09, -431.945, -32.533, 964.058
17.1, -432.174, -22.8925, 968.937
17.11, -432.306, -13.2031, 973.625
17.12, -432.341, -3.46685, 978.117
17.13, -432.278, 6.31433, 982.414
17.14, -432.116, 16.1385, 986.512
17.15, -431.856, 26.0036, 990.411
17.16, -431.497, 35.9077, 994.108
17.17, -431.039, 45.8488, 997.601
17.18, -430.48, 55.8248, 1000.89
17.19, -429.822, 65.8337, 1003.97
17.2, -429.063, 75.8734, 1006.84
17.21, -428.204, 85.9418, 1009.51
17.22, -427.244, 96.0369, 1011.96
17.23, -426.182, 106.156, 1014.2
17.24, -425.019, 116.298, 1016.22
17.25, -423.754, 126.461, 1018.03
17.26, -422.388, 136.641, 1019.62
17.27, -420.92, 146.837, 1020.99
17.28, -419.349, 157.047, 1022.15
17.29, -417.677, 167.269, 1023.08
17.3, -415.902, 177.499, 1023.79
17.31, -414.024, 187.737, 1024.27
17.32, -412.044, 197.98, 1024.53
17.33, -409.962, 208.225, 1024.57
17.34, -407.777, 218.471, 1024.38
17.35, -405.49, 228.715, 1023.96
17.36, -403.101, 238.954, 1023.31
17.37, -400.609, 249.187, 1022.43
17.38, -398.015, 259.412, 1021.32
17.39, -395.318, 269.625, 1019.98
17.4, -392.52, 279.825, 1018.41
17.41, -389.62, 290.009, 1016.61
17.42, -386.618, 300.175, 1014.57
17.43, -383.515, 310.321, 1012.3
17.44, -380.311, 320.444, 1009.79
17.45, -377.005, 330.542, 1007.05
17.46, -373.599, 340.612, 1004.08
17.47, -370.093, 350.653, 1000.87
17.48, -366.486, 360.662, 997.417
17.49, -362.78, 370.636, 993.732
17.5, -358.974, 380.573, 989.81
17.51, -355.069, 390.471, 985.651
17.52, -351.066, 400.328, 981.255
17.53, -346.965, 410.14, 976.622
17.54, -342.766, 419.906, 971.752
17.55, -338.469, 429.624, 966.644
17.56, -334.076, 439.29, 961.299
17.57, -329.587, 448.903, 955.717
17.58, -325.003, 458.461, 949.898
17.59, -320.323, 467.96, 943.842
17.6, -315.549, 477.398, 937.549
17.61, -310.681, 486.773, 931.021
17.62, -305.721, 496.084, 924.256
17.63, -300.667, 505.326, 917.256
17.64, -295.522, 514.499, 910.021
17.65, -290.286, 523.599, 902.552
17.66, -284.96, 532.625, 894.849
17.67, -279.544, 541.573, 886.913
17.68, -274.04, 550.442, 878.745
17.69, -268.448, 559.23, 870.345
17.7, -262.768, 567.933, 861.714
17.71, -257.003, 576.55, 852.853
17.72, -251.152, 585.079, 843.763
17.73, -245.217, 593.516, 834.445
17.74, -239.198, 601.861, 824.899
17.75, -233.097, 610.11, 815.128
17.76, -226.915, 618.261, 805.132
17.77, -220.651, 626.312, 794.912
17.78, -214.309, 634.262, 784.47
17.79, -207.888, 642.106, 773.807
17.8, -201.389, 649.844, 762.924
17.81, -194.815, 657.474, 751.823
17.82, -188.165, 664.992, 740.505
17.83, -181.441, 672.397, 728.971
17.84, -174.644, 679.687, 717.224
17.85, -167.775, 686.859, 705.264
17.86, -160.836, 693.911, 693.094
17.87, -153.828, 700.842, 680.716
17.88, -146.751, 707.649, 668.13
17.89, -139.608, 714.331, 655.34
17.9, -132.399, 720.884, 642.346
17.91, -125.126, 727.308, 629.151
17.92, -117.79, 733.599, 615.757
17.93, -110.392, 739.757, 602.166
17.94, -102.935, 745.778, 588.38
17.95, -95.418, 751.662, 574.401
17.96, -87.844, 757.406, 560.231
17.97, -80.2139, 763.009, 545.873
17.98, -72.5292, 768.467, 531.329
17.99, -64.7914, 773.781, 516.601
18, -57.0019, 778.947, 501.692
18.01, -49.1623, 783.963, 486.605
18.02, -41.274, 788.83, 471.341
18.03, -33.3386, 793.543, 455.903
18.04, -25.3575, 798.102, 440.295
18.05, -17.3325, 802.505, 424.518
18.06, -9.26499, 806.75, 408.576
18.07, -1.15663, 810.836, 392.471
18.08, 6.99097, 814.761, 376.205
18.09, 15.1762, 818.523, 359.783
18.1, 23.3974, 822.12, 343.207
18.11, 31.6529, 825.553, 326.479
18.12, 39.9411, 828.817, 309.604
18.13, 48.2602, 831.913, 292.583
18.14, 56.6086, 834.839, 275.42
18.15, 64.9846, 837.593, 258.118
18.16, 73.3863, 840.175, 240.681
18.17, 81.8121, 842.581, 223.111
18.18, 90.2602, 844.812, 205.412
18.19, 98.7289, 846.867, 187.588
18.2, 107.216, 848.742, 169.64
18.21, 115.721, 850.439, 151.575
18.22, 124.24, 851.955, 133.393
18.23, 132.773, 853.289, 115.1
18.24, 141.318, 854.44, 96.6975
18.25, 149.872, 855.407, 78.1907
18.26, 158.433, 856.188, 59.5826
18.27, 167.001, 856.784, 40.8769
18.28, 175.573, 857.193, 22.0773
18.29, 184.147, 857.414, 3.18756
18.3, 192.722, 857.446, -15.7886
18.31, 201.295, 857.288, -34.8473
18.32, 209.864, 856.939, -53.9847
18.33, 218.428, 856.399, -73.197
18.34, 226.985, 855.667, -92.4802
18.35, 235.532, 854.743, -111.83
18.36, 244.068, 853.624, -131.244
18.37, 252.592, 852.312, -150.716
18.38, 261.1, 850.805, -170.243
18.39, 269.591, 849.102, -189.821
18.4, 278.063, 847.204, -209.445
18.41, 286.514, 845.11, -229.113
18.42, 294.942, 842.819, -248.819
18.43, 303.345, 840.33, -268.559
18.44, 311.722, 837.645, -288.329
18.45, 320.069, 834.762, -308.125
18.46, 328.386, 831.68, -327.942
18.47, 336.67, 828.401, -347.777
18.48, 344.919, 824.923, -367.624
18.49, 353.132, 821.247, -387.481
18.5, 361.306, 817.372, -407.341
18.51, 369.439, 813.299, -427.202
18.52, 377.529, 809.027, -447.057
18.53, 385.574, 804.556, -466.904
18.54, 393.573, 799.887, -486.738
18.55, 401.523, 795.02, -506.553
18.56, 409.423, 789.954, -526.347
18.57, 417.27, 784.691, -546.113
18.58, 425.062, 779.229, -565.848
18.59, 432.798, 773.571, -585.548
18.6, 440.475, 767.716, -605.207
18.61, 448.092, 761.663, -624.821
18.62, 455.646, 755.415, -644.386
18.63, 463.136, 748.971, -663.897
18.64, 470.559, 742.332, -683.349
18.65, 477.914, 735.499, -702.738
18.66, 485.199, 728.472, -722.059
18.67, 492.411, 721.251, -741.309
18.68, 499.549, 713.838, -760.481
18.69, 506.612, 706.233, -779.572
18.7, 513.596, 698.437, -798.576
18.71, 520.501, 690.452, -817.49
18.72, 527.323, 682.277, -836.309
18.73, 534.063, 673.914, -855.028
18.74, 540.716, 665.363, -873.642
18.75, 547.283, 656.627, -892.148
18.76, 553.76, 647.705, -910.539
18.77, 560.146, 638.6, -928.813
18.78, 566.439, 629.312, -946.964
18.79, 572.637, 619.842, -964.987
18.8, 578.739, 610.192, -982.878
18.81, 584.743, 600.364, -1000.63
18.82, 590.646, 590.357, -1018.25
18.83, 596.448, 580.175, -1035.71
18.84, 602.146, 569.818, -1053.03
18.85, 607.739, 559.287, -1070.2
18.86, 613.225, 548.585, -1087.2
18.87, 618.602, 537.713, -1104.04
18.88, 623.869, 526.673, -1120.71
18.89, 629.023, 515.466, -1137.21
18.9, 634.064, 504.094, -1153.53
18.91, 638.99, 492.558, -1169.67
18.92, 643.799, 480.862, -1185.63
18.93, 648.489, 469.005, -1201.39
18.94, 653.059, 456.991, -1216.97
18.95, 657.507, 444.822, -1232.34
18.96, 661.832, 432.498, -1247.51
18.97, 666.032, 420.023, -1262.47
18.98, 670.106, 407.399, -1277.21
18.99, 674.052, 394.627, -1291.75
19, 677.869, 381.709, -1306.06
19.01, 681.556, 368.648, -1320.15
19.02, 685.11, 355.447, -1334.01
19.03, 688.531, 342.107, -1347.64
19.04, 691.818, 328.631, -1361.03
19.05, 694.968, 315.02, -1374.18
19.06, 697.981, 301.278, -1387.08
19.07, 700.855, 287.408, -1399.74
19.08, 703.589, 273.41, -1412.14
19.09, 706.182, 259.289, -1424.29
19.1, 708.632, 245.046, -1436.18
19.11, 710.939, 230.684, -1447.8
19.12, 713.101, 216.206, -1459.16
19.13, 715.117, 201.614, -1470.24
19.14, 716.986, 186.912, -1481.05
19.15, 718.707, 172.102, -1491.58
19.16, 720.279, 157.186, -1501.82
19.17, 721.701, 142.168, -1511.78
19.18, 722.971, 127.05, -1521.46
19.19, 724.09, 111.835, -1530.83
19.2, 725.055, 96.5269, -1539.91
19.21, 725.866, 81.1277, -1548.7
19.22, 726.523, 65.6408, -1557.17
19.23, 727.023, 50.069, -1565.34
19.24, 727.368, 34.4156, -1573.21
19.25, 727.554, 18.6835, -1580.76
19.26, 727.583, 2.87595, -1587.99
19.27, 727.453, -13.0039, -1594.9
19.28, 727.164, -28.953, -1601.5
19.29, 726.714, -44.9679, -1607.76
19.3, 726.103, -61.0456, -1613.7
19.31, 725.332, -77.1826, -1619.31
19.32, 724.398, -93.3758, -1624.59
19.33, 723.302, -109.622, -1629.53
19.34, 722.042, -125.917, -1634.13
19.35, 720.62, -142.258, -1638.39
19.36, 719.033, -158.642, -1642.31
19.37, 717.283, -175.065, -1645.88
19.38, 715.368, -191.524, -1649.11
19.39, 713.287, -208.015, -1651.98
19.4, 711.042, -224.535, -1654.5
19.41, 708.631, -241.08, -1656.66
19.42, 706.055, -257.647, -1658.47
19.43, 703.312, -274.231, -1659.92
19.44, 700.404, -290.831, -1661.01
19.45, 697.33, -307.441, -1661.73
19.46, 694.089, -324.058, -1662.09
19.47, 690.682, -340.679, -1662.08
19.48, 687.109, -357.3, -1661.71
19.49, 683.37, -373.917, -1660.96
19.5, 679.465, -390.526, -1659.85
19.51, 675.394, -407.125, -1658.36
19.52, 671.157, -423.709, -1656.5
19.53, 666.754, -440.274, -1654.26
19.54, 662.186, -456.816, -1651.65
19.55, 657.452, -473.333, -1648.65
19.56, 652.554, -489.819, -1645.28
19.57, 647.491, -506.272, -1641.53
19.58, 642.265, -522.687, -1637.4
19.59, 636.874, -539.061, -1632.89
19.6, 631.32, -555.39, -1627.99
19.61, 625.603, -571.67, -1622.72
19.62, 619.724, -587.897, -1617.06
19.63, 613.684, -604.068, -1611.01
19.64, 607.482, -620.178, -1604.58
19.65, 601.12, -636.224, -1597.77
19.66, 594.598, -652.201, -1590.57
19.67, 587.917, -668.107, -1582.99
19.68, 581.077, -683.937, -1575.02
19.69, 574.08, -699.687, -1566.67
19.7, 566.927, -715.354, -1557.93
19.71, 559.618, -730.933, -1548.81
19.72, 552.153, -746.421, -1539.3
19.73, 544.535, -761.814, -1529.41
19.74, 536.764, -777.108, -1519.13
19.75, 528.841, -792.3, -1508.48
19.76, 520.767, -807.384, -1497.44
19.77, 512.544, -822.359, -1486.02
19.78, 504.171, -837.219, -1474.21
19.79, 495.652, -851.961, -1462.03
19.8, 486.986, -866.581, -1449.47
19.81, 478.175, -881.076, -1436.53
19.82, 469.221, -895.441, -1423.21
19.83, 460.124, -909.673, -1409.52
19.84, 450.886, -923.769, -1395.45
19.85, 441.509, -937.723, -1381.01
19.86, 431.994, -951.533, -1366.2
19.87, 422.342, -965.195, -1351.02
19.88, 412.555, -978.706, -1335.47
19.89, 402.634, -992.06, -1319.56
19.9, 392.582, -1005.26, -1303.28
19.91, 382.399, -1018.29, -1286.64
19.92, 372.087, -1031.16, -1269.64
19.93, 361.649, -1043.85, -1252.27
19.94, 351.085, -1056.37, -1234.56
19.95, 340.398, -1068.72, -1216.49
19.96, 329.589, -1080.88, -1198.07
19.97, 318.66, -1092.87, -1179.3
19.98, 307.614, -1104.66, -1160.18
19.99, 296.451, -1116.26, -1140.72